     FRE.     REAL.    IMAG.    AMP.
    0.0000 0.00000000E+00 0.39472070E-08 0.39472070E-08
    0.0156 0.24794072E-02 0.24794138E-02 0.35064160E-02
    0.0313 -.33325396E-08 0.49624681E-02 0.49624681E-02
    0.0469 -.24842815E-02 0.24842776E-02 0.35133020E-02
    0.0625 0.13221531E-09 -.36235288E-08 0.36259402E-08
    0.0781 0.24940788E-02 0.24940714E-02 0.35271549E-02
    0.0938 0.69012245E-08 0.50017098E-02 0.50017098E-02
    0.1094 -.25089115E-02 0.25089215E-02 0.35481439E-02
    0.1250 -.66275967E-08 0.49070406E-08 0.82464586E-08
    0.1406 0.25289662E-02 0.25289683E-02 0.35764996E-02
    0.1563 0.23583953E-08 0.50820648E-02 0.50820648E-02
    0.1719 -.25544965E-02 0.25545026E-02 0.36126080E-02
    0.1875 0.57431665E-09 0.34055447E-08 0.34536320E-08
    0.2031 0.25858223E-02 0.25858227E-02 0.36569051E-02
    0.2188 0.35670220E-08 0.52075610E-02 0.52075610E-02
    0.2344 -.26233457E-02 0.26233536E-02 0.37099766E-02
    0.2500 -.46592543E-08 0.45461994E-08 0.65097296E-08
    0.2656 0.26675761E-02 0.26675779E-02 0.37725235E-02
    0.2813 0.29431264E-08 0.53848103E-02 0.53848103E-02
    0.2969 -.27191520E-02 0.27191609E-02 0.38454679E-02
    0.3125 0.85555990E-09 0.63855539E-08 0.64426144E-08
    0.3281 0.27788463E-02 0.27788517E-02 0.39298860E-02
    0.3438 0.13434354E-09 0.56240517E-02 0.56240517E-02
    0.3594 -.28476003E-02 0.28476049E-02 0.40271180E-02
    0.3750 0.35282113E-09 0.36066556E-08 0.36238719E-08
    0.3906 0.29265804E-02 0.29265832E-02 0.41388115E-02
    0.4063 0.51325355E-09 0.59406855E-02 0.59406855E-02
    0.4219 -.30172241E-02 0.30172267E-02 0.42670011E-02
    0.4375 0.58618214E-10 0.83264923E-09 0.83471002E-09
    0.4531 0.31213209E-02 0.31213183E-02 0.44142124E-02
    0.4688 0.47710405E-08 0.63581793E-02 0.63581793E-02
    0.4844 -.32411031E-02 0.32411113E-02 0.45836177E-02
    0.5000 -.37795909E-08 0.31018303E-08 0.48894435E-08
    0.5156 0.33794024E-02 0.33794031E-02 0.47791973E-02
    0.5313 0.20732516E-08 0.69132014E-02 0.69132014E-02
    0.5469 -.35398670E-02 0.35398698E-02 0.50061299E-02
    0.5625 -.15961071E-08 -.20134003E-08 0.25693070E-08
    0.5781 0.37272188E-02 0.37272081E-02 0.52710758E-02
    0.5938 0.11350648E-07 0.76656993E-02 0.76656993E-02
    0.6094 -.39477008E-02 0.39477162E-02 0.55829030E-02
    0.6250 -.16538072E-07 0.36994638E-08 0.16946796E-07
    0.6406 0.42097657E-02 0.42097578E-02 0.59535024E-02
    0.6563 0.13933531E-07 0.87197721E-02 0.87197721E-02
    0.6719 -.45251078E-02 0.45251306E-02 0.63994848E-02
    0.6875 -.30812117E-08 0.10579411E-07 0.11018975E-07
    0.7031 0.49103568E-02 0.49103568E-02 0.69442932E-02
    0.7188 0.94654835E-08 0.10272814E-01 0.10272814E-01
    0.7344 -.53899479E-02 0.53899651E-02 0.76225498E-02
    0.7500 -.21717829E-07 0.37060317E-08 0.22031768E-07
    0.7656 0.60013821E-02 0.60013658E-02 0.84872246E-02
    0.7813 0.27973176E-07 0.12748291E-01 0.12748291E-01
    0.7969 -.68052933E-02 0.68053468E-02 0.96241757E-02
    0.8125 -.70576363E-08 0.34515292E-07 0.35229469E-07
    0.8281 0.79064416E-02 0.79064714E-02 0.11181418E-01
    0.8438 -.28942229E-08 0.17248258E-01 0.17248258E-01
    0.8594 -.95026577E-02 0.95026679E-02 0.13438795E-01
    0.8750 -.74569790E-08 0.56575861E-09 0.74784099E-08
    0.8906 0.12017885E-01 0.12017857E-01 0.16995836E-01
    0.9063 0.47505619E-07 0.27814381E-01 0.27814381E-01
    0.9219 -.16554439E-01 0.16554534E-01 0.23411579E-01
    0.9375 -.42058904E-07 0.63326780E-07 0.76021266E-07
    0.9531 0.27154397E-01 0.27154440E-01 0.38402148E-01
    0.9688 0.26584166E-07 0.80824606E-01 0.80824606E-01
    0.9844 -.80196045E-01 0.80196172E-01 0.11341442E+00
    1.0000 -.12500013E+00 0.91264276E-07 0.12500013E+00
    1.0156 -.78968793E-01 -.78968637E-01 0.11167863E+00
    1.0313 -.98406176E-07 -.78369386E-01 0.78369386E-01
    1.0469 0.25926422E-01 -.25926506E-01 0.36665559E-01
    1.0625 0.67146416E-07 -.90610772E-08 0.67755032E-07
    1.0781 -.15325193E-01 -.15325151E-01 0.21673067E-01
    1.0938 -.45035769E-07 -.25354156E-01 0.25354156E-01
    1.1094 0.10786768E-01 -.10786817E-01 0.15254828E-01
    1.1250 0.28367049E-07 -.93552091E-08 0.29869874E-07
    1.1406 -.82691079E-02 -.82690837E-02 0.11694267E-01
    1.1563 -.31586715E-07 -.14778248E-01 0.14778248E-01
    1.1719 0.66698333E-02 -.66698743E-02 0.94325980E-02
    1.1875 0.24623585E-07 -.11417788E-07 0.27141976E-07
    1.2031 -.55649830E-02 -.55649700E-02 0.78700650E-02
    1.2188 -.22258204E-07 -.10263448E-01 0.10263448E-01
    1.2344 0.47566993E-02 -.47567300E-02 0.67270105E-02
    1.2500 0.19411436E-07 -.87586738E-08 0.21295968E-07
    1.2656 -.41402359E-02 -.41402238E-02 0.58551691E-02
    1.2813 -.21908198E-07 -.77678827E-02 0.77678827E-02
    1.2969 0.36549566E-02 -.36549927E-02 0.51689148E-02
    1.3125 0.13542728E-07 -.18027629E-07 0.22547747E-07
    1.3281 -.32633392E-02 -.32633462E-02 0.46150633E-02
    1.3438 -.59846834E-08 -.61893277E-02 0.61893277E-02
    1.3594 0.29409069E-02 -.29409211E-02 0.41590803E-02
    1.3750 0.32238117E-08 -.54782818E-08 0.63564563E-08
    1.3906 -.26710131E-02 -.26710085E-02 0.37773796E-02
    1.4063 -.11171890E-07 -.51039304E-02 0.51039304E-02
    1.4219 0.24419359E-02 -.24419557E-02 0.34534328E-02
    1.4375 0.10963554E-07 -.98261470E-08 0.14722523E-07
    1.4531 -.22452101E-02 -.22452131E-02 0.31752088E-02
    1.4688 -.47427866E-08 -.43139122E-02 0.43139122E-02
    1.4844 0.20745550E-02 -.20745650E-02 0.29338710E-02
    1.5000 -.23048683E-08 -.43121040E-08 0.48894435E-08
    1.5156 -.19252045E-02 -.19252043E-02 0.27226503E-02
    1.5313 -.38465493E-08 -.37146651E-02 0.37146651E-02
    1.5469 0.17934766E-02 -.17934818E-02 0.25363625E-02
    1.5625 0.11151095E-07 0.10188684E-08 0.11197545E-07
    1.5781 -.16764904E-02 -.16764802E-02 0.23709082E-02
    1.5938 -.11551768E-07 -.32455944E-02 0.32455944E-02
    1.6094 0.15719678E-02 -.15719839E-02 0.22231096E-02
    1.6250 0.41408952E-08 -.65111063E-08 0.77163147E-08
    1.6406 -.14780789E-02 -.14780791E-02 0.20903193E-02
    1.6563 -.39416381E-08 -.28692808E-02 0.28692808E-02
    1.6719 0.13933175E-02 -.13933225E-02 0.19704520E-02
    1.6875 0.91834824E-08 0.17993369E-08 0.93580965E-08
    1.7031 -.13164472E-02 -.13164347E-02 0.18617286E-02
    1.7188 -.13815711E-07 -.25612931E-02 0.25612931E-02
    1.7344 0.12464487E-02 -.12464682E-02 0.17627585E-02
    1.7500 0.96180788E-08 -.84108027E-08 0.12776895E-07
    1.7656 -.11824787E-02 -.11824796E-02 0.16722780E-02
    1.7813 -.57649006E-08 -.23050588E-02 0.23050588E-02
    1.7969 0.11238188E-02 -.11238297E-02 0.15893276E-02
    1.8125 0.51950475E-08 -.42624033E-08 0.67198660E-08
    1.8281 -.10698541E-02 -.10698512E-02 0.15130001E-02
    1.8438 -.80137239E-08 -.20889346E-02 0.20889346E-02
    1.8594 0.10200599E-02 -.10200741E-02 0.14425926E-02
    1.8750 0.65591417E-08 -.70251569E-08 0.96111998E-08
    1.8906 -.97399479E-03 -.97399624E-03 0.13774376E-02
    1.9063 -.47361226E-08 -.19044825E-02 0.19044825E-02
    1.9219 0.93127234E-03 -.93128294E-03 0.13170255E-02
    1.9375 0.31367573E-08 -.56905840E-08 0.64978454E-08
    1.9531 -.89155755E-03 -.89155906E-03 0.12608538E-02
    1.9688 -.37952352E-08 -.17454724E-02 0.17454724E-02
    1.9844 0.85455511E-03 -.85456402E-03 0.12085297E-02
    2.0000 0.17820085E-08 -.49761089E-08 0.52855667E-08
    2.0156 -.82000846E-03 -.82001061E-03 0.11596686E-02
    2.0313 -.22946500E-08 -.16071753E-02 0.16071753E-02
    2.0469 0.78769651E-03 -.78770035E-03 0.11139738E-02
    2.0625 0.42659667E-08 -.50278648E-09 0.42954937E-08
    2.0781 -.75741456E-03 -.75740973E-03 0.10711425E-02
    2.0938 -.68871189E-08 -.14859597E-02 0.14859597E-02
    2.1094 0.72898617E-03 -.72899659E-03 0.10309495E-02
    2.1250 0.45344382E-08 -.47595403E-08 0.65737624E-08
    2.1406 -.70226024E-03 -.70226117E-03 0.99314656E-03
    2.1563 -.23739075E-08 -.13789861E-02 0.13789861E-02
    2.1719 0.67709759E-03 -.67710050E-03 0.95756265E-03
    2.1875 0.48643258E-08 0.17786193E-08 0.51793005E-08
    2.2031 -.65336691E-03 -.65335684E-03 0.92399324E-03
    2.2188 -.11231666E-07 -.12840017E-02 0.12840017E-02
    2.2344 0.63095067E-03 -.63096662E-03 0.89231029E-03
    2.2500 0.11308215E-07 -.69184631E-08 0.13256729E-07
    2.2656 -.60975400E-03 -.60975418E-03 0.86232251E-03
    2.2813 -.55031832E-08 -.11991832E-02 0.11991832E-02
    2.2969 0.58969366E-03 -.58970402E-03 0.83396008E-03
    2.3125 0.20727149E-08 -.44062469E-08 0.48694107E-08
    2.3281 -.57068391E-03 -.57068164E-03 0.80706732E-03
    2.3438 -.71909554E-08 -.11230921E-02 0.11230921E-02
    2.3594 0.55263872E-03 -.55265182E-03 0.78155845E-03
    2.3750 0.11680289E-07 -.61479586E-08 0.13199490E-07
    2.3906 -.53549052E-03 -.53548970E-03 0.75729738E-03
    2.4063 -.77270812E-08 -.10544853E-02 0.10544853E-02
    2.4219 0.51918736E-03 -.51920424E-03 0.73425373E-03
    2.4375 -.67075279E-09 -.11281378E-07 0.11301301E-07
    2.4531 -.50367857E-03 -.50368829E-03 0.71231596E-03
    2.4688 0.12449817E-08 -.99240919E-03 0.99240919E-03
    2.4844 0.48890279E-03 -.48890588E-03 0.69141516E-03
    2.5000 0.46789057E-08 -.14193309E-08 0.48894435E-08
    2.5156 -.47480341E-03 -.47479995E-03 0.67147100E-03
    2.5313 -.72725808E-08 -.93599735E-03 0.93599735E-03
    2.5469 0.46134356E-03 -.46135770E-03 0.65244833E-03
    2.5625 0.22744882E-08 -.91067927E-08 0.93865316E-08
    2.5781 -.44849233E-03 -.44849986E-03 0.63426926E-03
    2.5938 0.10102428E-08 -.88457076E-03 0.88457076E-03
    2.6094 0.43621112E-03 -.43621229E-03 0.61689649E-03
    2.6250 0.25034954E-08 0.98442787E-09 0.26900906E-08
    2.6406 -.42445736E-03 -.42445018E-03 0.60026831E-03
    2.6563 -.84047365E-08 -.83753449E-03 0.83753449E-03
    2.6719 0.41319805E-03 -.41320937E-03 0.58435829E-03
    2.6875 0.96738670E-08 -.30529284E-08 0.10144165E-07
    2.7031 -.40241104E-03 -.40240464E-03 0.56909060E-03
    2.7188 -.10546469E-07 -.79437642E-03 0.79437642E-03
    2.7344 0.39206972E-03 -.39208552E-03 0.55448146E-03
    2.7500 0.14207648E-07 -.48994084E-08 0.15028688E-07
    2.7656 -.38214398E-03 -.38213521E-03 0.54042699E-03
    2.7813 -.16269926E-07 -.75466954E-03 0.75466954E-03
    2.7969 0.37261253E-03 -.37264009E-03 0.52697316E-03
    2.8125 0.12913965E-07 -.13217205E-07 0.18478772E-07
    2.8281 -.36346252E-03 -.36346138E-03 0.51401282E-03
    2.8438 -.15774257E-07 -.71805628E-03 0.71805628E-03
    2.8594 0.35466804E-03 -.35470043E-03 0.50159928E-03
    2.8750 0.31309156E-07 -.15177891E-07 0.34794134E-07
    2.8906 -.34619091E-03 -.34617996E-03 0.48958015E-03
    2.9063 -.40287166E-07 -.68417349E-03 0.68417349E-03
    2.9219 0.33801195E-03 -.33811168E-03 0.47809162E-03
    2.9375 0.10017077E-07 -.87124292E-07 0.87698254E-07
    2.9531 -.33015662E-03 -.33027268E-03 0.46699404E-03
    2.9688 0.56374741E-07 -.65282534E-03 0.65282534E-03
    2.9844 0.32270051E-03 -.32268304E-03 0.45635508E-03
    3.0000 0.64368280E-07 -.31232805E-07 0.71545536E-07
    3.0156 -.31528040E-03 -.31537210E-03 0.44593867E-03
    3.0313 0.82655980E-07 -.62360393E-03 0.62360393E-03
    3.0469 0.30838102E-03 -.30826498E-03 0.43603458E-03
    3.0625 -.20409765E-07 0.66690198E-07 0.69743393E-07
    3.0781 -.30161173E-03 -.30154656E-03 0.42649731E-03
    3.0938 -.27446839E-07 -.59655332E-03 0.59655332E-03
    3.1094 0.29502905E-03 -.29505041E-03 0.41724919E-03
    3.1250 0.22299245E-07 -.97892823E-08 0.24353366E-07
    3.1406 -.28868465E-03 -.28869687E-03 0.40827040E-03
    3.1563 0.78715754E-08 -.57123485E-03 0.57123485E-03
    3.1719 0.28259016E-03 -.28258373E-03 0.39963829E-03
    3.1875 -.20057168E-07 0.11045687E-09 0.20057472E-07
    3.2031 -.27671020E-03 -.27671654E-03 0.39133179E-03
    3.2188 0.72549393E-08 -.54766115E-03 0.54766115E-03
    3.2344 0.27100494E-03 -.27099554E-03 0.38325222E-03
    3.2500 0.35207759E-08 0.34468988E-08 0.49271671E-08
    3.2656 -.26547210E-03 -.26547248E-03 0.37543452E-03
    3.2813 0.18273973E-08 -.52555668E-03 0.52555668E-03
    3.2969 0.26012497E-03 -.26012413E-03 0.36787166E-03
    3.3125 -.12310207E-07 -.33276426E-08 0.12752035E-07
    3.3281 -.25496076E-03 -.25497217E-03 0.36057702E-03
    3.3438 0.11532381E-07 -.50487375E-03 0.50487375E-03
    3.3594 0.24995714E-03 -.24994044E-03 0.35348098E-03
    3.3750 -.41160360E-08 0.90517869E-08 0.99436717E-08
    3.3906 -.24510032E-03 -.24509442E-03 0.34662001E-03
    3.4063 0.21021472E-09 -.48544887E-03 0.48544887E-03
    3.4219 0.24039044E-03 -.24038611E-03 0.33996036E-03
    3.4375 -.19118571E-08 0.32778080E-08 0.37946308E-08
    3.4531 -.23582777E-03 -.23582600E-03 0.33350958E-03
    3.4688 0.15592841E-08 -.46719291E-03 0.46719291E-03
    3.4844 0.23140297E-03 -.23139727E-03 0.32724917E-03
    3.5000 0.47925003E-09 0.48658992E-08 0.48894435E-08
    3.5156 -.22710710E-03 -.22710147E-03 0.32117395E-03
    3.5313 -.16828471E-08 -.45000989E-03 0.45000989E-03
    3.5469 0.22293728E-03 -.22293592E-03 0.31527996E-03
    3.5625 0.13763894E-08 0.29320937E-08 0.32390772E-08
    3.5781 -.21889058E-03 -.21888511E-03 0.30955416E-03
    3.5938 -.34582681E-08 -.43381818E-03 0.43381818E-03
    3.6094 0.21495823E-03 -.21496128E-03 0.30399900E-03
    3.6250 0.52766707E-08 -.21530341E-09 0.52810614E-08
    3.6406 -.21113511E-03 -.21113285E-03 0.29858854E-03
    3.6563 -.30918668E-08 -.41853340E-03 0.41853340E-03
    3.6719 0.20742150E-03 -.20742691E-03 0.29334213E-03
    3.6875 -.17391131E-08 -.35494965E-08 0.39526498E-08
    3.7031 -.20381746E-03 -.20382117E-03 0.28824405E-03
    3.7188 0.16365851E-08 -.40410564E-03 0.40410564E-03
    3.7344 0.20031235E-03 -.20031106E-03 0.28328353E-03
    3.7500 0.23847309E-08 0.94929253E-09 0.25667291E-08
    3.7656 -.19689722E-03 -.19689485E-03 0.27845305E-03
    3.7813 -.31513661E-08 -.39045047E-03 0.39045047E-03
    3.7969 0.19357252E-03 -.19357960E-03 0.27375788E-03
    3.8125 -.26338662E-08 -.62981056E-08 0.68266672E-08
    3.8281 -.19034390E-03 -.19035363E-03 0.26919381E-03
    3.8438 0.67676007E-08 -.37752950E-03 0.37752950E-03
    3.8594 0.18720588E-03 -.18719760E-03 0.26474323E-03
    3.8750 -.32408789E-08 0.47259512E-08 0.57304370E-08
    3.8906 -.18414621E-03 -.18414107E-03 0.26041843E-03
    3.9063 -.28748179E-08 -.36528381E-03 0.36528381E-03
    3.9219 0.18115906E-03 -.18116258E-03 0.25620009E-03
    3.9375 0.21637818E-08 -.23581563E-08 0.32004457E-08
    3.9531 -.17825075E-03 -.17825408E-03 0.25208699E-03
    3.9688 0.30605400E-08 -.35365659E-03 0.35365659E-03
    3.9844 0.17542377E-03 -.17541902E-03 0.24808332E-03
    4.0000 -.32927223E-08 0.27197058E-08 0.42706931E-08
    4.0156 -.17266933E-03 -.17266438E-03 0.24418780E-03
    4.0313 -.23965894E-08 -.34262618E-03 0.34262618E-03
    4.0469 0.16997789E-03 -.16997919E-03 0.24038595E-03
    4.0625 0.63811849E-08 0.11664070E-08 0.64869119E-08
    4.0781 -.16734975E-03 -.16734545E-03 0.23666525E-03
    4.0938 -.42699684E-08 -.33212552E-03 0.33212552E-03
    4.1094 0.16479002E-03 -.16479552E-03 0.23305217E-03
    4.1250 0.69396400E-09 -.24518347E-08 0.25481521E-08
    4.1406 -.16229710E-03 -.16229751E-03 0.22952305E-03
    4.1563 -.16367883E-08 -.32214666E-03 0.32214666E-03
    4.1719 0.15986322E-03 -.15986641E-03 0.22608299E-03
    4.1875 0.42032662E-08 -.11173883E-08 0.43492530E-08
    4.2031 -.15748457E-03 -.15748265E-03 0.22271545E-03
    4.2188 -.39449999E-08 -.31263681E-03 0.31263681E-03
    4.2344 0.15516278E-03 -.15517051E-03 0.21943878E-03
    4.2500 0.14932596E-08 -.50796745E-08 0.52946119E-08
    4.2656 -.15289830E-03 -.15290226E-03 0.21623365E-03
    4.2813 -.49908117E-09 -.30357722E-03 0.30357722E-03
    4.2969 0.15068724E-03 -.15069199E-03 0.21310730E-03
    4.3125 -.95635284E-10 -.46448729E-08 0.46458575E-08
    4.3281 -.14852700E-03 -.14853262E-03 0.21005288E-03
    4.3438 0.19617667E-08 -.29493665E-03 0.29493665E-03
    4.3594 0.14641849E-03 -.14641885E-03 0.20706728E-03
    4.3750 -.28977394E-08 -.16677910E-08 0.33434144E-08
    4.3906 -.14435957E-03 -.14436184E-03 0.20415687E-03
    4.4063 0.20886327E-09 -.28669354E-03 0.28669354E-03
    4.4219 0.14234427E-03 -.14234622E-03 0.20130658E-03
    4.4375 0.18509736E-08 -.22200568E-08 0.28904594E-08
    4.4531 -.14037159E-03 -.14037444E-03 0.19851742E-03
    4.4688 0.10222270E-08 -.27881030E-03 0.27881030E-03
    4.4844 0.13844675E-03 -.13844670E-03 0.19579324E-03
    4.5000 -.48658997E-08 -.47924892E-09 0.48894435E-08
    4.5156 -.13657057E-03 -.13657128E-03 0.19314045E-03
    4.5313 0.55255800E-09 -.27128929E-03 0.27128929E-03
    4.5469 0.13473256E-03 -.13473029E-03 0.19053901E-03
    4.5625 0.85746228E-08 0.40741908E-08 0.94933235E-08
    4.5781 -.13292470E-03 -.13291420E-03 0.18797649E-03
    4.5938 -.10324455E-07 -.26407314E-03 0.26407314E-03
    4.6094 0.13115398E-03 -.13116980E-03 0.18549092E-03
    4.6250 0.16178027E-08 -.95557802E-08 0.96917603E-08
    4.6406 -.12943284E-03 -.12944135E-03 0.18305170E-03
    4.6563 0.24828430E-08 -.25718135E-03 0.25718135E-03
    4.6719 0.12775518E-03 -.12775366E-03 0.18067204E-03
    4.6875 0.75909261E-08 0.40367301E-08 0.85975200E-08
    4.7031 -.12610186E-03 -.12608702E-03 0.17832447E-03
    4.7188 -.18055859E-07 -.25057062E-03 0.25057062E-03
    4.7344 0.12446915E-03 -.12450192E-03 0.17604914E-03
    4.7500 0.11010024E-07 -.23013689E-07 0.25511772E-07
    4.7656 -.12287684E-03 -.12290003E-03 0.17379050E-03
    4.7813 0.60370779E-08 -.24422482E-03 0.24422482E-03
    4.7969 0.12133753E-03 -.12134237E-03 0.17160061E-03
    4.8125 -.94271773E-08 -.77132798E-08 0.12180573E-07
    4.8281 -.11983268E-03 -.11983899E-03 0.16947347E-03
    4.8438 -.56937295E-08 -.23817374E-03 0.23817374E-03
    4.8594 0.11833752E-03 -.11836208E-03 0.16737189E-03
    4.8750 0.11912519E-07 -.25314025E-07 0.27976919E-07
    4.8906 -.11685876E-03 -.11689189E-03 0.16528668E-03
    4.9063 0.10144777E-07 -.23231645E-03 0.23231645E-03
    4.9219 0.11543025E-03 -.11544461E-03 0.16325318E-03
    4.9375 -.42757012E-07 -.31256349E-07 0.52963397E-07
    4.9531 -.11406873E-03 -.11413328E-03 0.16136320E-03
    4.9688 0.50323358E-07 -.22681608E-03 0.22681608E-03
    4.9844 0.11277916E-03 -.11271909E-03 0.15945135E-03
    5.0000 0.89030792E-07 0.24382114E-07 0.92309094E-07
    5.0156 -.11129599E-03 -.11128635E-03 0.15738948E-03
    5.0313 0.48469611E-08 -.22131034E-03 0.22131034E-03
    5.0469 0.11001204E-03 -.11000039E-03 0.15557228E-03
    5.0625 -.32937786E-08 0.38724819E-08 0.50838072E-08
    5.0781 -.10872052E-03 -.10872775E-03 0.15375915E-03
    5.0938 0.11416618E-07 -.21617375E-03 0.21617375E-03
    5.1094 0.10746258E-03 -.10744490E-03 0.15196254E-03
    5.1250 -.10285341E-07 0.89016696E-08 0.13602498E-07
    5.1406 -.10622660E-03 -.10622357E-03 0.15022495E-03
    5.1563 0.36264338E-08 -.21121839E-03 0.21121839E-03
    5.1719 0.10500374E-03 -.10499602E-03 0.14849225E-03
    5.1875 -.57982139E-08 0.10853999E-08 0.58989302E-08
    5.2031 -.10380583E-03 -.10381515E-03 0.14681020E-03
    5.2188 0.13530536E-07 -.20643664E-03 0.20643664E-03
    5.2344 0.10264198E-03 -.10261813E-03 0.14514082E-03
    5.2500 -.12593231E-07 0.14977061E-07 0.19567878E-07
    5.2656 -.10150118E-03 -.10148968E-03 0.14353621E-03
    5.2813 0.27567859E-09 -.20184938E-03 0.20184938E-03
    5.2969 0.10036824E-03 -.10035843E-03 0.14193519E-03
    5.3125 0.70616601E-08 0.89687262E-08 0.11415126E-07
    5.3281 -.99248951E-04 -.99239951E-04 0.14035284E-03
    5.3438 -.13667535E-08 -.19739867E-03 0.19739867E-03
    5.3594 0.98159289E-04 -.98154283E-04 0.13881466E-03
    5.3750 -.56259402E-08 0.56899241E-08 0.80016527E-08
    5.3906 -.97099757E-04 -.97093995E-04 0.13731571E-03
    5.4063 0.74223605E-09 -.19313874E-03 0.19313874E-03
    5.4219 0.96054398E-04 -.96045587E-04 0.13583520E-03
    5.4375 0.95116057E-08 0.10231944E-07 0.13970086E-07
    5.4531 -.95015937E-04 -.94999494E-04 0.13436119E-03
    5.4688 -.10290864E-07 -.18900569E-03 0.18900569E-03
    5.4844 0.93995688E-04 -.94006245E-04 0.13293744E-03
    5.5000 0.14193297E-08 -.46789057E-08 0.48894431E-08
    5.5156 -.93004244E-04 -.93008937E-04 0.13153118E-03
    5.5313 0.33632133E-08 -.18503479E-03 0.18503479E-03
    5.5469 0.92035589E-04 -.92029346E-04 0.13015357E-03
    5.5625 0.13472200E-08 0.55872218E-08 0.57473515E-08
    5.5781 -.91076996E-04 -.91068330E-04 0.12879619E-03
    5.5938 -.58979275E-08 -.18120099E-03 0.18120099E-03
    5.6094 0.90128997E-04 -.90136433E-04 0.12746690E-03
    5.6250 0.25017590E-08 -.44365400E-08 0.50932982E-08
    5.6406 -.89201429E-04 -.89207031E-04 0.12615383E-03
    5.6563 0.35581087E-08 -.17749616E-03 0.17749616E-03
    5.6719 0.88296809E-04 -.88292116E-04 0.12486722E-03
    5.6875 -.44114730E-08 0.23159819E-08 0.49824558E-08
    5.7031 -.87407476E-04 -.87406355E-04 0.12361204E-03
    5.7188 0.79883877E-09 -.17392954E-03 0.17392954E-03
    5.7344 0.86528642E-04 -.86526001E-04 0.12236812E-03
    5.7500 0.58771493E-09 0.20770257E-08 0.21585747E-08
    5.7656 -.85663960E-04 -.85662490E-04 0.12114609E-03
    5.7813 0.84033708E-09 -.17047432E-03 0.17047432E-03
    5.7969 0.84816202E-04 -.84812644E-04 0.11994570E-03
    5.8125 -.11399147E-08 0.32036669E-08 0.34004246E-08
    5.8281 -.83983563E-04 -.83980187E-04 0.11876831E-03
    5.8438 -.43471718E-09 -.16713969E-03 0.16713969E-03
    5.8594 0.83163228E-04 -.83160667E-04 0.11760875E-03
    5.8750 0.12440022E-08 0.33964922E-08 0.36171399E-08
    5.8906 -.82356601E-04 -.82351777E-04 0.11646641E-03
    5.9063 -.14632683E-08 -.16391352E-03 0.16391352E-03
    5.9219 0.81564220E-04 -.81562357E-04 0.11534791E-03
    5.9375 0.36532495E-08 0.42329793E-08 0.55914531E-08
    5.9531 -.80783349E-04 -.80774909E-04 0.11423894E-03
    5.9688 -.60342749E-08 -.16079142E-03 0.16079142E-03
    5.9844 0.80012673E-04 -.80019032E-04 0.11315951E-03
    6.0000 0.43021489E-08 -.22039541E-08 0.48338284E-08
    6.0156 -.79255369E-04 -.79255617E-04 0.11208419E-03
    6.0313 -.11266877E-08 -.15776911E-03 0.15776911E-03
    6.0469 0.78515724E-04 -.78515804E-04 0.11103806E-03
    6.0625 0.12733036E-08 0.18216776E-08 0.22225686E-08
    6.0781 -.77787357E-04 -.77781660E-04 0.11000391E-03
    6.0938 -.54511329E-08 -.15484968E-03 0.15484968E-03
    6.1094 0.77065168E-04 -.77072837E-04 0.10899203E-03
    6.1250 0.60681025E-08 -.40780805E-08 0.73111290E-08
    6.1406 -.76352699E-04 -.76355434E-04 0.10798096E-03
    6.1563 -.26172273E-09 -.15201233E-03 0.15201233E-03
    6.1719 0.75657910E-04 -.75660122E-04 0.10699801E-03
    6.1875 -.44741584E-08 -.19807200E-08 0.48929896E-08
    6.2031 -.74979449E-04 -.74981865E-04 0.10603866E-03
    6.2188 0.12429472E-08 -.14928290E-03 0.14928290E-03
    6.2344 0.74307536E-04 -.74305870E-04 0.10508555E-03
    6.2500 0.43603370E-08 0.17022086E-08 0.46808175E-08
    6.2656 -.73639079E-04 -.73635565E-04 0.10413890E-03
    6.2813 -.30747458E-08 -.14662075E-03 0.14662075E-03
    6.2969 0.72982206E-04 -.72986906E-04 0.10321575E-03
    6.3125 -.31148730E-08 -.32916603E-08 0.45318278E-08
    6.3281 -.72343755E-04 -.72348674E-04 0.10231300E-03
    6.3438 0.38922532E-08 -.14405581E-03 0.14405581E-03
    6.3594 0.71717099E-04 -.71709634E-04 0.10141802E-03
    6.3750 0.28230165E-08 0.70231110E-08 0.75692475E-08
    6.3906 -.71092516E-04 -.71081078E-04 0.10053191E-03
    6.4063 -.77732842E-08 -.14156046E-03 0.14156046E-03
    6.4219 0.70472575E-04 -.70480899E-04 0.99669160E-04
    6.4375 0.56642047E-08 -.26476104E-08 0.62524439E-08
    6.4531 -.69866204E-04 -.69865397E-04 0.98805162E-04
    6.4688 -.20348911E-08 -.13913884E-03 0.13913884E-03
    6.4844 0.69274422E-04 -.69275869E-04 0.97969853E-04
    6.5000 0.43121045E-08 0.23048674E-08 0.48894435E-08
    6.5156 -.68689100E-04 -.68680056E-04 0.97134660E-04
    6.5313 -.89967829E-08 -.13679473E-03 0.13679473E-03
    6.5469 0.68107438E-04 -.68119349E-04 0.96326883E-04
    6.5625 0.97107762E-08 -.43489101E-08 0.10640122E-07
    6.5781 -.67534427E-04 -.67531997E-04 0.95506388E-04
    6.5938 -.71694708E-08 -.13451178E-03 0.13451178E-03
    6.6094 0.66973458E-04 -.66986555E-04 0.94724033E-04
    6.6250 0.65068617E-08 -.69406316E-08 0.95137596E-08
    6.6406 -.66420085E-04 -.66421628E-04 0.93933275E-04
    6.6563 -.60445045E-08 -.13230060E-03 0.13230060E-03
    6.6719 0.65873865E-04 -.65888569E-04 0.93170114E-04
    6.6875 0.26020628E-08 -.10293943E-07 0.10617721E-07
    6.7031 -.65338972E-04 -.65347282E-04 0.92409136E-04
    6.7188 -.28193822E-09 -.13015933E-03 0.13015933E-03
    6.7344 0.64815285E-04 -.64821972E-04 0.91667382E-04
    6.7500 0.50043809E-08 -.44234718E-08 0.66791417E-08
    6.7656 -.64293126E-04 -.64292261E-04 0.90923597E-04
    6.7813 -.84957694E-08 -.12807408E-03 0.12807408E-03
    6.7969 0.63771673E-04 -.63793457E-04 0.90202171E-04
    6.8125 0.24296190E-09 -.18186483E-07 0.18188107E-07
    6.8281 -.63266954E-04 -.63289743E-04 0.89489098E-04
    6.8438 0.12112811E-07 -.12605835E-03 0.12605835E-03
    6.8594 0.62790248E-04 -.62775238E-04 0.88788205E-04
    6.8750 -.45456611E-09 0.15317868E-07 0.15324611E-07
    6.8906 -.62316161E-04 -.62279498E-04 0.88102439E-04
    6.9063 -.38316781E-07 -.12412382E-03 0.12412382E-03
    6.9219 0.61809958E-04 -.61872684E-04 0.87456843E-04
    6.9375 0.64965512E-07 -.36933127E-07 0.74730004E-07
    6.9531 -.61277889E-04 -.61294195E-04 0.86671556E-04
    6.9688 -.29358677E-07 -.12215215E-03 0.12215215E-03
    6.9844 0.60816601E-04 -.60919763E-04 0.86080639E-04
    7.0000 0.71240429E-07 -.10901520E-06 0.13022870E-06
    7.0156 -.60220893E-04 -.60392824E-04 0.85286862E-04
    7.0313 0.10973780E-06 -.12018161E-03 0.12018166E-03
    7.0469 0.59891761E-04 -.59787963E-04 0.84626379E-04
    7.0625 -.10358368E-06 0.24906418E-07 0.10653595E-06
    7.0781 -.59513444E-04 -.59540576E-04 0.84183906E-04
    7.0938 0.46964601E-07 -.11854272E-03 0.11854273E-03
    7.1094 0.59075082E-04 -.59000762E-04 0.83492247E-04
    7.1250 -.61630838E-08 0.39715204E-07 0.40190560E-07
    7.1406 -.58609967E-04 -.58586025E-04 0.82870079E-04
    7.1563 0.36057088E-08 -.11675093E-03 0.11675093E-03
    7.1719 0.58161520E-04 -.58143498E-04 0.82240069E-04
    7.1875 -.17636300E-07 0.94774295E-08 0.20021506E-07
    7.2031 -.57743600E-04 -.57747915E-04 0.81664832E-04
    7.2188 0.16667661E-07 -.11505531E-03 0.11505531E-03
    7.2344 0.57331989E-04 -.57297089E-04 0.81055005E-04
    7.2500 -.39662078E-08 0.23471852E-07 0.23804592E-07
    7.2656 -.56912089E-04 -.56891324E-04 0.80471167E-04
    7.2813 -.34576584E-08 -.11338884E-03 0.11338884E-03
    7.2969 0.56492259E-04 -.56486326E-04 0.79887926E-04
    7.3125 0.55111821E-09 0.62245675E-08 0.62489178E-08
    7.3281 -.56084846E-04 -.56080673E-04 0.79313002E-04
    7.3438 0.27495257E-08 -.11176418E-03 0.11176418E-03
    7.3594 0.55686913E-04 -.55677756E-04 0.78746714E-04
    7.3750 -.24588160E-08 0.64791865E-08 0.69300530E-08
    7.3906 -.55292923E-04 -.55288983E-04 0.78193218E-04
    7.4063 0.16502925E-08 -.11018936E-03 0.11018936E-03
    7.4219 0.54902375E-04 -.54896180E-04 0.77639306E-04
    7.4375 -.39472376E-08 0.34689998E-08 0.52549636E-08
    7.4531 -.54519896E-04 -.54520198E-04 0.77102988E-04
    7.4688 0.42536006E-08 -.10865735E-03 0.10865735E-03
    7.4844 0.54142383E-04 -.54134456E-04 0.76563287E-04
    7.5000 -.31018292E-08 0.37795913E-08 0.48894431E-08
    7.5156 -.53767355E-04 -.53768053E-04 0.76039018E-04
    7.5313 0.45745305E-08 -.10716140E-03 0.10716140E-03
    7.5469 0.53397383E-04 -.53389689E-04 0.75509866E-04
    7.5625 -.92027310E-08 0.23487994E-08 0.94977430E-08
    7.5781 -.53038206E-04 -.53043372E-04 0.75011005E-04
    7.5938 0.94018162E-08 -.10571463E-03 0.10571463E-03
    7.6094 0.52684514E-04 -.52667183E-04 0.74494899E-04
    7.6250 -.44138697E-08 0.10590347E-07 0.11473348E-07
    7.6406 -.52329786E-04 -.52322179E-04 0.74000112E-04
    7.6563 0.67341660E-09 -.10429684E-03 0.10429684E-03
    7.6719 0.51974981E-04 -.51969328E-04 0.73499723E-04
    7.6875 -.42435455E-08 0.28937108E-08 0.51362674E-08
    7.7031 -.51629984E-04 -.51632807E-04 0.73017822E-04
    7.7188 0.80580556E-08 -.10291700E-03 0.10291700E-03
    7.7344 0.51295352E-04 -.51277955E-04 0.72530282E-04
    7.7500 -.49237978E-08 0.12345525E-07 0.13291191E-07
    7.7656 -.50962033E-04 -.50950268E-04 0.72062881E-04
    7.7813 -.25320268E-08 -.10157653E-03 0.10157653E-03
    7.7969 0.50624702E-04 -.50621504E-04 0.71591880E-04
    7.8125 0.35429626E-08 0.37722847E-08 0.51752020E-08
    7.8281 -.50291139E-04 -.50288523E-04 0.71120558E-04
    7.8438 0.18347874E-08 -.10025589E-03 0.10025589E-03
    7.8594 0.49968745E-04 -.49961858E-04 0.70661605E-04
    7.8750 -.48770858E-08 0.54074749E-08 0.72819470E-08
    7.8906 -.49654358E-04 -.49649982E-04 0.70218775E-04
    7.9063 0.53903754E-09 -.98985118E-04 0.98985118E-04
    7.9219 0.49338152E-04 -.49333077E-04 0.69771093E-04
    7.9375 0.31410150E-08 0.44647930E-08 0.54589697E-08
    7.9531 -.49021201E-04 -.49016868E-04 0.69323381E-04
    7.9688 -.58757299E-09 -.97729797E-04 0.97729797E-04
    7.9844 0.48710637E-04 -.48709553E-04 0.68886475E-04
    8.0000 -.46566129E-08 -.24374422E-09 0.46629878E-08
    8.0156 -.48410537E-04 -.48413996E-04 0.68465284E-04
    8.0313 0.57588774E-08 -.96519172E-04 0.96519172E-04
    8.0469 0.48113343E-04 -.48103597E-04 0.68035653E-04
    8.0625 -.32471719E-08 0.54220584E-08 0.63200352E-08
    8.0781 -.47816317E-04 -.47814232E-04 0.67621011E-04
    8.0938 0.25863609E-08 -.95333497E-04 0.95333497E-04
    8.1094 0.47522113E-04 -.47515590E-04 0.67201807E-04
    8.1250 -.46641930E-08 0.32649072E-08 0.56933573E-08
    8.1406 -.47234164E-04 -.47235320E-04 0.66800014E-04
    8.1563 0.55784297E-08 -.94178911E-04 0.94178911E-04
    8.1719 0.46950619E-04 -.46939356E-04 0.66390239E-04
    8.1875 -.45079567E-08 0.65773280E-08 0.79738900E-08
    8.2031 -.46669058E-04 -.46666661E-04 0.65998320E-04
    8.2188 0.40655435E-08 -.93052149E-04 0.93052149E-04
    8.2344 0.46390996E-04 -.46379821E-04 0.65598877E-04
    8.2500 -.39162074E-08 0.81645100E-08 0.90551593E-08
    8.2656 -.46117533E-04 -.46111516E-04 0.65215783E-04
    8.2813 0.14340085E-08 -.91954047E-04 0.91954047E-04
    8.2969 0.45845605E-04 -.45837009E-04 0.64829401E-04
    8.3125 0.15015589E-08 0.73436777E-08 0.74956175E-08
    8.3281 -.45573386E-04 -.45566383E-04 0.64445550E-04
    8.3438 -.27506278E-09 -.90873538E-04 0.90873538E-04
    8.3594 0.45306100E-04 -.45301087E-04 0.64068954E-04
    8.3750 -.32952778E-08 0.45740665E-08 0.56374585E-08
    8.3906 -.45047193E-04 -.45043937E-04 0.63704050E-04
    8.4063 0.21344513E-08 -.89829577E-04 0.89829577E-04
    8.4219 0.44790781E-04 -.44781871E-04 0.63337429E-04
    8.4375 0.35980374E-08 0.80927700E-08 0.88565679E-08
    8.4531 -.44529941E-04 -.44519857E-04 0.62967716E-04
    8.4688 -.48740292E-08 -.88797504E-04 0.88797504E-04
    8.4844 0.44269476E-04 -.44274027E-04 0.62609710E-04
    8.5000 -.31018306E-08 -.37795909E-08 0.48894435E-08
    8.5156 -.44020358E-04 -.44029868E-04 0.62260915E-04
    8.5313 0.99696704E-08 -.87799424E-04 0.87799424E-04
    8.5469 0.43782347E-04 -.43765976E-04 0.61906016E-04
    8.5625 -.60407173E-08 0.99668762E-08 0.11654565E-07
    8.5781 -.43540924E-04 -.43532651E-04 0.61570317E-04
    8.5938 -.14128245E-08 -.86826818E-04 0.86826818E-04
    8.6094 0.43291795E-04 -.43291479E-04 0.61223618E-04
    8.6250 -.19378812E-08 -.22555522E-08 0.29737013E-08
    8.6406 -.43047770E-04 -.43058913E-04 0.60886621E-04
    8.6563 0.14175976E-07 -.85865475E-04 0.85865475E-04
    8.6719 0.42820880E-04 -.42797652E-04 0.60541446E-04
    8.6875 -.17699739E-07 0.12598894E-07 0.21725857E-07
    8.7031 -.42600917E-04 -.42596206E-04 0.60243463E-04
    8.7188 0.73744806E-08 -.84954852E-04 0.84954852E-04
    8.7344 0.42370848E-04 -.42351181E-04 0.59907521E-04
    8.7500 0.15901392E-08 0.13986024E-07 0.14076129E-07
    8.7656 -.42133302E-04 -.42124328E-04 0.59579143E-04
    8.7813 0.44408277E-08 -.84029904E-04 0.84029904E-04
    8.7969 0.41907304E-04 -.41888714E-04 0.59252732E-04
    8.8125 -.14307090E-07 0.13815862E-07 0.19888963E-07
    8.8281 -.41697731E-04 -.41690368E-04 0.58964291E-04
    8.8438 0.91677679E-08 -.83160070E-04 0.83160070E-04
    8.8594 0.41487132E-04 -.41454154E-04 0.58648351E-04
    8.8750 0.59231127E-08 0.29939258E-07 0.30519541E-07
    8.8906 -.41262720E-04 -.41226362E-04 0.58328595E-04
    8.9063 -.11025008E-07 -.82276310E-04 0.82276310E-04
    8.9219 0.41035877E-04 -.41029420E-04 0.58028927E-04
    8.9375 0.46630921E-08 0.16387864E-07 0.17038383E-07
    8.9531 -.40822437E-04 -.40798488E-04 0.57714711E-04
    8.9688 -.40076347E-08 -.81404745E-04 0.81404745E-04
    8.9844 0.40594558E-04 -.40571584E-04 0.57393132E-04
    9.0000 -.50533075E-07 0.32594794E-07 0.60133289E-07
    9.0156 -.40472540E-04 -.40416580E-04 0.57197260E-04
    9.0313 -.37344545E-07 -.80657919E-04 0.80657926E-04
    9.0469 0.40213035E-04 -.40245810E-04 0.56893001E-04
    9.0625 0.29685088E-07 -.69479467E-08 0.30487350E-07
    9.0781 -.39990864E-04 -.39983024E-04 0.56550078E-04
    9.0938 -.94658574E-08 -.79791374E-04 0.79791374E-04
    9.1094 0.39797178E-04 -.39802995E-04 0.56285822E-04
    9.1250 0.44173785E-08 0.63779089E-08 0.77582829E-08
    9.1406 -.39611001E-04 -.39589191E-04 0.56002995E-04
    9.1563 -.18438831E-07 -.79013727E-04 0.79013727E-04
    9.1719 0.39409515E-04 -.39427843E-04 0.55746434E-04
    9.1875 0.27608639E-07 -.19540922E-08 0.27677705E-07
    9.2031 -.39197814E-04 -.39184059E-04 0.55424352E-04
    9.2188 -.16850251E-07 -.78207930E-04 0.78207930E-04
    9.2344 0.38999791E-04 -.39024257E-04 0.55171335E-04
    9.2500 0.82089235E-09 -.12277950E-07 0.12305362E-07
    9.2656 -.38821476E-04 -.38828683E-04 0.54906955E-04
    9.2813 -.62854172E-09 -.77466218E-04 0.77466218E-04
    9.2969 0.38643055E-04 -.38644808E-04 0.54650773E-04
    9.3125 0.10801853E-07 0.21576561E-08 0.11015239E-07
    9.3281 -.38451257E-04 -.38440507E-04 0.54370688E-04
    9.3438 -.12372449E-07 -.76715529E-04 0.76715529E-04
    9.3594 0.38257862E-04 -.38278311E-04 0.54119249E-04
    9.3750 0.89779267E-09 -.13327937E-07 0.13358141E-07
    9.3906 -.38079510E-04 -.38094364E-04 0.53863063E-04
    9.4063 0.75351769E-08 -.75995245E-04 0.75995245E-04
    9.4219 0.37912094E-04 -.37903694E-04 0.53609860E-04
    9.4375 -.29697387E-08 0.54765756E-08 0.62299459E-08
    9.4531 -.37739559E-04 -.37731807E-04 0.53366315E-04
    9.4688 -.50374389E-08 -.75294942E-04 0.75294942E-04
    9.4844 0.37558922E-04 -.37564198E-04 0.53120068E-04
    9.5000 0.43121036E-08 -.23048685E-08 0.48894435E-08
    9.5156 -.37381611E-04 -.37383747E-04 0.52867090E-04
    9.5313 0.17885817E-08 -.74596217E-04 0.74596217E-04
    9.5469 0.37215133E-04 -.37210222E-04 0.52626674E-04
    9.5625 -.26842597E-08 0.48039550E-08 0.55030203E-08
    9.5781 -.37051323E-04 -.37044578E-04 0.52393712E-04
    9.5938 -.27720191E-08 -.73928168E-04 0.73928168E-04
    9.6094 0.36883150E-04 -.36882109E-04 0.52159914E-04
    9.6250 0.66016428E-08 0.44149551E-08 0.79418836E-08
    9.6406 -.36713453E-04 -.36704590E-04 0.51914398E-04
    9.6563 -.54961142E-08 -.73259165E-04 0.73259165E-04
    9.6719 0.36548430E-04 -.36551475E-04 0.51689440E-04
    9.6875 0.39452135E-08 0.18688866E-08 0.43654835E-08
    9.7031 -.36387464E-04 -.36380847E-04 0.51454965E-04
    9.7188 -.48520330E-08 -.72611743E-04 0.72611743E-04
    9.7344 0.36226833E-04 -.36230031E-04 0.51234740E-04
    9.7500 0.54067715E-08 0.12223794E-08 0.55432290E-08
    9.7656 -.36066904E-04 -.36061203E-04 0.51002273E-04
    9.7813 -.45837298E-08 -.71975461E-04 0.71975461E-04
    9.7969 0.35910110E-04 -.35913541E-04 0.50786992E-04
    9.8125 0.42922594E-08 0.98008746E-09 0.44027337E-08
    9.8281 -.35755074E-04 -.35749414E-04 0.50561310E-04
    9.8438 -.52444444E-08 -.71354581E-04 0.71354581E-04
    9.8594 0.35599493E-04 -.35605673E-04 0.50349656E-04
    9.8750 0.35668146E-08 -.24062654E-08 0.43025898E-08
    9.8906 -.35446206E-04 -.35447498E-04 0.50129420E-04
    9.9063 0.42968917E-09 -.70745788E-04 0.70745788E-04
    9.9219 0.35299239E-04 -.35297202E-04 0.49919221E-04
    9.9375 -.15415531E-08 0.27467055E-08 0.31497265E-08
    9.9531 -.35154902E-04 -.35150511E-04 0.49713435E-04
    9.9688 -.22278770E-08 -.70158800E-04 0.70158800E-04
    9.9844 0.35007826E-04 -.35007673E-04 0.49508435E-04
   10.0000 0.43021493E-08 0.17164644E-08 0.46319260E-08
   10.0156 -.34857658E-04 -.34854893E-04 0.49294216E-04
   10.0313 -.67066108E-09 -.69571528E-04 0.69571528E-04
   10.0469 0.34714903E-04 -.34712455E-04 0.49092556E-04
   10.0625 -.31888339E-08 0.33892051E-08 0.46535336E-08
   10.0781 -.34578996E-04 -.34574849E-04 0.48899154E-04
   10.0938 0.26472530E-09 -.69012727E-04 0.69012727E-04
   10.1094 0.34441855E-04 -.34434830E-04 0.48703172E-04
   10.1250 0.67510686E-08 0.90272518E-08 0.11272453E-07
   10.1406 -.34298264E-04 -.34283748E-04 0.48494807E-04
   10.1563 -.80684233E-08 -.68449415E-04 0.68449415E-04
   10.1719 0.34155557E-04 -.34160472E-04 0.48306727E-04
   10.1875 0.31049023E-08 0.98143238E-09 0.32563212E-08
   10.2031 -.34021366E-04 -.34017230E-04 0.48110553E-04
   10.2188 -.85164475E-09 -.67907400E-04 0.67907400E-04
   10.2344 0.33892051E-04 -.33886234E-04 0.47926485E-04
   10.2500 0.59793854E-08 0.93227017E-08 0.11075461E-07
   10.2656 -.33758246E-04 -.33741242E-04 0.47729347E-04
   10.2813 -.11021521E-07 -.67373177E-04 0.67373177E-04
   10.2969 0.33620003E-04 -.33629036E-04 0.47552250E-04
   10.3125 0.86476737E-08 -.74594292E-09 0.86797867E-08
   10.3281 -.33486383E-04 -.33482109E-04 0.47353875E-04
   10.3438 -.29926874E-08 -.66845714E-04 0.66845714E-04
   10.3594 0.33360579E-04 -.33360579E-04 0.47178983E-04
   10.3750 0.23182365E-08 0.40719415E-08 0.46856083E-08
   10.3906 -.33235934E-04 -.33227076E-04 0.46996447E-04
   10.4063 -.54020224E-08 -.66340108E-04 0.66340108E-04
   10.4219 0.33108241E-04 -.33110748E-04 0.46823898E-04
   10.4375 0.60289715E-08 0.24253071E-08 0.64985084E-08
   10.4531 -.32980861E-04 -.32974676E-04 0.46637608E-04
   10.4688 -.29670335E-08 -.65836342E-04 0.65836342E-04
   10.4844 0.32858796E-04 -.32857330E-04 0.46468318E-04
   10.5000 0.14193312E-08 0.46789057E-08 0.48894435E-08
   10.5156 -.32738953E-04 -.32731255E-04 0.46294430E-04
   10.5313 -.22238942E-08 -.65351116E-04 0.65351116E-04
   10.5469 0.32619046E-04 -.32614087E-04 0.46126792E-04
   10.5625 0.22027020E-08 0.80509119E-08 0.83468006E-08
   10.5781 -.32501241E-04 -.32489963E-04 0.45955723E-04
   10.5938 -.21197328E-08 -.64875938E-04 0.64875938E-04
   10.6094 0.32386855E-04 -.32376556E-04 0.45794648E-04
   10.6250 0.63453234E-08 0.15442311E-07 0.16695152E-07
   10.6406 -.32270622E-04 -.32245836E-04 0.45620029E-04
   10.6563 -.12011700E-07 -.64407905E-04 0.64407905E-04
   10.6719 0.32150201E-04 -.32151474E-04 0.45468150E-04
   10.6875 0.11220963E-07 0.96421111E-08 0.14794604E-07
   10.7031 -.32033677E-04 -.32014959E-04 0.45289227E-04
   10.7188 -.62217267E-08 -.63946070E-04 0.63946070E-04
   10.7344 0.31928375E-04 -.31915904E-04 0.45144723E-04
   10.7500 0.11158376E-07 0.24650097E-07 0.27058023E-07
   10.7656 -.31823532E-04 -.31777086E-04 0.44972439E-04
   10.7813 -.28221313E-07 -.63504551E-04 0.63504558E-04
   10.7969 0.31702282E-04 -.31718635E-04 0.44845361E-04
   10.8125 0.36970324E-07 0.93014023E-08 0.38122447E-07
   10.8281 -.31572399E-04 -.31539439E-04 0.44626813E-04
   10.8438 -.22091479E-07 -.63029416E-04 0.63029423E-04
   10.8594 0.31464006E-04 -.31471969E-04 0.44502456E-04
   10.8750 0.67659718E-08 0.18025293E-07 0.19253299E-07
   10.8906 -.31383512E-04 -.31335487E-04 0.44349043E-04
   10.9063 -.29727895E-07 -.62634361E-04 0.62634368E-04
   10.9219 0.31291624E-04 -.31291034E-04 0.44252622E-04
   10.9375 0.91424603E-07 0.49597812E-07 0.10401154E-06
   10.9531 -.31130712E-04 -.30988525E-04 0.43925051E-04
   10.9688 -.13406211E-06 -.62048050E-04 0.62048195E-04
   10.9844 0.30846360E-04 -.31032181E-04 0.43754935E-04
   11.0000 -.12727749E-06 -.95937857E-07 0.15938517E-06
   11.0156 -.30981202E-04 -.31025786E-04 0.43845572E-04
   11.0313 -.29723623E-07 -.61819330E-04 0.61819337E-04
   11.0469 0.30779785E-04 -.30892032E-04 0.43608634E-04
   11.0625 -.33213958E-07 -.95180276E-07 0.10080899E-06
   11.0781 -.30711555E-04 -.30822881E-04 0.43511489E-04
   11.0938 0.42034046E-07 -.61403909E-04 0.61403924E-04
   11.1094 0.30644111E-04 -.30637599E-04 0.43332711E-04
   11.1250 -.18994861E-07 -.18571084E-07 0.26564825E-07
   11.1406 -.30546646E-04 -.30574844E-04 0.43219425E-04
   11.1563 0.38738484E-08 -.61005841E-04 0.61005841E-04
   11.1719 0.30434692E-04 -.30460445E-04 0.43059368E-04
   11.1875 -.10092500E-07 -.33368408E-07 0.34861287E-07
   11.2031 -.30335088E-04 -.30382536E-04 0.42933858E-04
   11.2188 0.19157959E-07 -.60609342E-04 0.60609345E-04
   11.2344 0.30247849E-04 -.30249748E-04 0.42778262E-04
   11.2500 -.19397664E-07 -.17986334E-07 0.26453309E-07
   11.2656 -.30158924E-04 -.30191699E-04 0.42674343E-04
   11.2813 0.15847988E-07 -.60240123E-04 0.60240127E-04
   11.2969 0.30066387E-04 -.30064948E-04 0.42519274E-04
   11.3125 -.15209517E-07 -.12596500E-07 0.19748448E-07
   11.3281 -.29976112E-04 -.30002180E-04 0.42411062E-04
   11.3438 0.14318706E-07 -.59872931E-04 0.59872931E-04
   11.3594 0.29887753E-04 -.29881929E-04 0.42263546E-04
   11.3750 -.10903136E-07 -.64883188E-08 0.12687658E-07
   11.3906 -.29797224E-04 -.29813371E-04 0.42151056E-04
   11.4063 0.88021306E-08 -.59509886E-04 0.59509886E-04
   11.4219 0.29705674E-04 -.29704392E-04 0.42009262E-04
   11.4375 -.11042489E-07 -.75830506E-08 0.13395493E-07
   11.4531 -.29619810E-04 -.29636833E-04 0.41900777E-04
   11.4688 0.10982486E-07 -.59159811E-04 0.59159811E-04
   11.4844 0.29536965E-04 -.29528854E-04 0.41765841E-04
   11.5000 -.48658992E-08 0.47925042E-09 0.48894435E-08
   11.5156 -.29449542E-04 -.29451747E-04 0.41649502E-04
   11.5313 -.73256268E-09 -.58810601E-04 0.58810601E-04
   11.5469 0.29356765E-04 -.29365116E-04 0.41522639E-04
   11.5625 -.17524954E-08 -.10244777E-07 0.10393590E-07
   11.5781 -.29268960E-04 -.29284607E-04 0.41403626E-04
   11.5938 0.74721793E-08 -.58466183E-04 0.58466183E-04
   11.6094 0.29189820E-04 -.29187237E-04 0.41278814E-04
   11.6250 -.68076083E-08 -.28648304E-08 0.73858502E-08
   11.6406 -.29111017E-04 -.29116118E-04 0.41172803E-04
   11.6563 0.26932223E-09 -.58139834E-04 0.58139834E-04
   11.6719 0.29024461E-04 -.29032179E-04 0.41052244E-04
   11.6875 0.13033513E-08 -.97303552E-08 0.98172572E-08
   11.7031 -.28936573E-04 -.28950548E-04 0.40932377E-04
   11.7188 0.51847691E-08 -.57804431E-04 0.57804431E-04
   11.7344 0.28857196E-04 -.28860095E-04 0.40812287E-04
   11.7500 -.10700516E-07 -.83740801E-08 0.13587725E-07
   11.7656 -.28784503E-04 -.28799575E-04 0.40718092E-04
   11.7813 0.79371523E-08 -.57497549E-04 0.57497549E-04
   11.7969 0.28708608E-04 -.28705846E-04 0.40598148E-04
   11.8125 -.29021623E-08 -.37832084E-08 0.47681454E-08
   11.8281 -.28627006E-04 -.28635677E-04 0.40490831E-04
   11.8438 0.37830028E-08 -.57181158E-04 0.57181158E-04
   11.8594 0.28547453E-04 -.28549886E-04 0.40373914E-04
   11.8750 -.89556957E-08 -.76835152E-08 0.11800037E-07
   11.8906 -.28475430E-04 -.28490649E-04 0.40281102E-04
   11.9063 0.97405177E-08 -.56883393E-04 0.56883393E-04
   11.9219 0.28405058E-04 -.28397310E-04 0.40165341E-04
   11.9375 -.57793668E-08 0.41445297E-09 0.57942082E-08
   11.9531 -.28331022E-04 -.28334949E-04 0.40068891E-04
   11.9688 0.23609299E-08 -.56586941E-04 0.56586941E-04
   11.9844 0.28254530E-04 -.28255092E-04 0.39958337E-04
   12.0000 -.32927230E-08 -.32071945E-08 0.45965338E-08
   12.0156 -.28182252E-04 -.28189315E-04 0.39860719E-04
   12.0313 0.42984438E-08 -.56295579E-04 0.56295579E-04
   12.0469 0.28111397E-04 -.28109658E-04 0.39754290E-04
   12.0625 -.29157392E-08 -.17563316E-08 0.34038561E-08
   12.0781 -.28040335E-04 -.28044584E-04 0.39658025E-04
   12.0938 0.18671860E-08 -.56011744E-04 0.56011744E-04
   12.1094 0.27968934E-04 -.27970491E-04 0.39555147E-04
   12.1250 -.19908029E-08 -.35357777E-08 0.40577111E-08
   12.1406 -.27899570E-04 -.27904898E-04 0.39459719E-04
   12.1563 0.14985511E-08 -.55733883E-04 0.55733883E-04
   12.1719 0.27830507E-04 -.27833805E-04 0.39360613E-04
   12.1875 -.31960486E-10 -.49969970E-08 0.49970992E-08
   12.2031 -.27759941E-04 -.27766850E-04 0.39263370E-04
   12.2188 0.14490377E-08 -.55457960E-04 0.55457960E-04
   12.2344 0.27690832E-04 -.27696253E-04 0.39164584E-04
   12.2500 -.56791403E-08 -.82579588E-08 0.10022301E-07
   12.2656 -.27626980E-04 -.27640437E-04 0.39079965E-04
   12.2813 0.71125554E-08 -.55197263E-04 0.55197263E-04
   12.2969 0.27565547E-04 -.27562452E-04 0.38981383E-04
   12.3125 -.33463732E-08 -.23417734E-08 0.40843746E-08
   12.3281 -.27499500E-04 -.27504924E-04 0.38894003E-04
   12.3438 0.13637110E-08 -.54936212E-04 0.54936212E-04
   12.3594 0.27430449E-04 -.27436223E-04 0.38796596E-04
   12.3750 -.64737136E-08 -.99206465E-08 0.11846020E-07
   12.3906 -.27367863E-04 -.27386395E-04 0.38717109E-04
   12.4063 0.12303322E-07 -.54684973E-04 0.54684973E-04
   12.4219 0.27313332E-04 -.27301701E-04 0.38618662E-04
   12.4375 -.94011119E-08 0.30305796E-08 0.98775157E-08
   12.4531 -.27256610E-04 -.27257407E-04 0.38547230E-04
   12.4688 0.94308117E-09 -.54446271E-04 0.54446271E-04
   12.4844 0.27190385E-04 -.27192444E-04 0.38454466E-04
   12.5000 0.47924853E-09 -.48658997E-08 0.48894435E-08
   12.5156 -.27123840E-04 -.27133838E-04 0.38365972E-04
   12.5313 0.66932242E-08 -.54195585E-04 0.54195585E-04
   12.5469 0.27067847E-04 -.27061989E-04 0.38275575E-04
   12.5625 -.97453876E-08 0.80994866E-09 0.97789874E-08
   12.5781 -.27017672E-04 -.27019638E-04 0.38210146E-04
   12.5938 0.15061851E-08 -.53974083E-04 0.53974083E-04
   12.6094 0.26959280E-04 -.26958842E-04 0.38125869E-04
   12.6250 0.71834938E-08 -.23354541E-09 0.71872894E-08
   12.6406 -.26891877E-04 -.26890368E-04 0.38029790E-04
   12.6563 -.41726196E-08 -.53728021E-04 0.53728021E-04
   12.6719 0.26828960E-04 -.26840957E-04 0.37950362E-04
   12.6875 -.43230362E-08 -.10946228E-07 0.11768965E-07
   12.7031 -.26777687E-04 -.26791651E-04 0.37879243E-04
   12.7188 0.51790856E-08 -.53511001E-04 0.53511001E-04
   12.7344 0.26727179E-04 -.26728365E-04 0.37798778E-04
   12.7500 0.15065748E-08 -.49407332E-08 0.51653277E-08
   12.7656 -.26667240E-04 -.26672760E-04 0.37717076E-04
   12.7813 -.25355458E-08 -.53284792E-04 0.53284792E-04
   12.7969 0.26604886E-04 -.26621683E-04 0.37636870E-04
   12.8125 -.55979705E-08 -.19409207E-07 0.20200360E-07
   12.8281 -.26551332E-04 -.26579946E-04 0.37569491E-04
   12.8438 0.12732653E-07 -.53071493E-04 0.53071493E-04
   12.8594 0.26502275E-04 -.26504413E-04 0.37481390E-04
   12.8750 -.15556314E-07 -.16871606E-07 0.22948855E-07
   12.8906 -.26450474E-04 -.26487569E-04 0.37432859E-04
   12.9063 0.24684182E-07 -.52869294E-04 0.52869302E-04
   12.9219 0.26403361E-04 -.26386335E-04 0.37327954E-04
   12.9375 -.43514145E-07 -.92807291E-08 0.44492840E-07
   12.9531 -.26382941E-04 -.26428099E-04 0.37343059E-04
   12.9688 0.47799293E-07 -.52750020E-04 0.52750042E-04
   12.9844 0.26407892E-04 -.26332114E-04 0.37292855E-04
   13.0000 0.78880809E-07 0.49914501E-07 0.93346877E-07
   13.0156 -.26245634E-04 -.26195232E-04 0.37081310E-04
   13.0313 -.22280284E-07 -.52445703E-04 0.52445706E-04
   13.0469 0.26212145E-04 -.26223264E-04 0.37077436E-04
   13.0625 0.35708272E-07 0.10065131E-08 0.35722454E-07
   13.0781 -.26130403E-04 -.26121381E-04 0.36947593E-04
   13.0938 -.98816573E-08 -.52225168E-04 0.52225168E-04
   13.1094 0.26076568E-04 -.26095837E-04 0.36891463E-04
   13.1250 -.22185532E-07 -.18697254E-07 0.29013533E-07
   13.1406 -.26055182E-04 -.26087484E-04 0.36870439E-04
   13.1563 0.24543779E-07 -.52082753E-04 0.52082760E-04
   13.1719 0.26031626E-04 -.25998814E-04 0.36791083E-04
   13.1875 -.46979429E-08 0.17954905E-07 0.18559344E-07
   13.2031 -.25981943E-04 -.25966116E-04 0.36732825E-04
   13.2188 -.56950569E-08 -.51898547E-04 0.51898547E-04
   13.2344 0.25921847E-04 -.25927791E-04 0.36663230E-04
   13.2500 -.45346047E-08 -.63342660E-08 0.77900939E-08
   13.2656 -.25877329E-04 -.25892774E-04 0.36606991E-04
   13.2813 0.15319563E-07 -.51721228E-04 0.51721232E-04
   13.2969 0.25847841E-04 -.25823478E-04 0.36537145E-04
   13.3125 -.90004741E-08 0.15229695E-07 0.17690454E-07
   13.3281 -.25811112E-04 -.25796531E-04 0.36492114E-04
   13.3438 -.47338409E-08 -.51560110E-04 0.51560110E-04
   13.3594 0.25759875E-04 -.25760241E-04 0.36430221E-04
   13.3750 0.72488979E-08 0.17038068E-08 0.74464408E-08
   13.3906 -.25708479E-04 -.25706808E-04 0.36356098E-04
   13.4063 0.73089268E-09 -.51376868E-04 0.51376868E-04
   13.4219 0.25668793E-04 -.25665588E-04 0.36298887E-04
   13.4375 -.44555195E-08 0.26075089E-08 0.51624371E-08
   13.4531 -.25633693E-04 -.25631314E-04 0.36249836E-04
   13.4688 -.34421058E-09 -.51222447E-04 0.51222447E-04
   13.4844 0.25592828E-04 -.25591635E-04 0.36192880E-04
   13.5000 0.46789062E-08 0.14193293E-08 0.48894435E-08
   13.5156 -.25546897E-04 -.25544581E-04 0.36127130E-04
   13.5313 -.20592092E-08 -.51054405E-04 0.51054405E-04
   13.5469 0.25505145E-04 -.25509295E-04 0.36072655E-04
   13.5625 -.24911642E-08 -.39051868E-08 0.46321036E-08
   13.5781 -.25468511E-04 -.25474716E-04 0.36022302E-04
   13.5938 0.37108887E-08 -.50902643E-04 0.50902643E-04
   13.6094 0.25432133E-04 -.25429934E-04 0.35964913E-04
   13.6250 -.31718073E-08 -.13279596E-08 0.34385808E-08
   13.6406 -.25394223E-04 -.25399502E-04 0.35916590E-04
   13.6563 0.41535122E-08 -.50753402E-04 0.50753402E-04
   13.6719 0.25358169E-04 -.25354191E-04 0.35859055E-04
   13.6875 -.51346363E-08 -.17004408E-09 0.51374514E-08
   13.7031 -.25323327E-04 -.25327616E-04 0.35815625E-04
   13.7188 0.42320019E-08 -.50610626E-04 0.50610626E-04
   13.7344 0.25287525E-04 -.25283371E-04 0.35759025E-04
   13.7500 -.40625383E-08 -.35136219E-09 0.40777044E-08
   13.7656 -.25251300E-04 -.25257203E-04 0.35714904E-04
   13.7813 0.64382779E-08 -.50469291E-04 0.50469291E-04
   13.7969 0.25219048E-04 -.25210122E-04 0.35658810E-04
   13.8125 -.70865585E-08 0.37436116E-08 0.80146076E-08
   13.8281 -.25188980E-04 -.25188914E-04 0.35622550E-04
   13.8438 0.29794969E-08 -.50339360E-04 0.50339360E-04
   13.8594 0.25155308E-04 -.25149391E-04 0.35570796E-04
   13.8750 0.10963259E-08 0.32355294E-08 0.34162233E-08
   13.8906 -.25117499E-04 -.25116004E-04 0.35520450E-04
   13.9063 0.67278455E-09 -.50199997E-04 0.50199997E-04
   13.9219 0.25083207E-04 -.25081297E-04 0.35471661E-04
   13.9375 -.51097429E-08 -.38372850E-10 0.51098867E-08
   13.9531 -.25054966E-04 -.25058136E-04 0.35435314E-04
   13.9688 0.41335904E-08 -.50078557E-04 0.50078557E-04
   13.9844 0.25027304E-04 -.25019894E-04 0.35388712E-04
   14.0000 0.17820093E-08 0.44886197E-08 0.48294164E-08
   14.0156 -.24991596E-04 -.24986517E-04 0.35339861E-04
   14.0313 -.29707719E-08 -.49948329E-04 0.49948329E-04
   14.0469 0.24955247E-04 -.24961142E-04 0.35296216E-04
   14.0625 -.22117326E-08 -.59588277E-08 0.63560512E-08
   14.0781 -.24925406E-04 -.24935818E-04 0.35257210E-04
   14.0938 0.74978210E-08 -.49828996E-04 0.49828996E-04
   14.1094 0.24901827E-04 -.24894018E-04 0.35210978E-04
   14.1250 -.48873243E-08 0.26097655E-08 0.55404707E-08
   14.1406 -.24874756E-04 -.24874627E-04 0.35178127E-04
   14.1563 0.58053351E-09 -.49716687E-04 0.49716687E-04
   14.1719 0.24842053E-04 -.24843541E-04 0.35133020E-04
   14.1875 -.22342388E-08 -.44442987E-08 0.49742952E-08
   14.2031 -.24811019E-04 -.24821547E-04 0.35095523E-04
   14.2188 0.84155225E-08 -.49601218E-04 0.49601218E-04
   14.2344 0.24787691E-04 -.24779094E-04 0.35049012E-04
   14.2500 -.10097907E-07 0.13563091E-08 0.10188587E-07
   14.2656 -.24765830E-04 -.24771371E-04 0.35028090E-04
   14.2813 0.68027175E-08 -.49503065E-04 0.49503065E-04
   14.2969 0.24740270E-04 -.24731480E-04 0.34981811E-04
   14.3125 -.40229327E-08 0.26296834E-08 0.48061648E-08
   14.3281 -.24712008E-04 -.24715040E-04 0.34950201E-04
   14.3438 0.56546514E-08 -.49397055E-04 0.49397055E-04
   14.3594 0.24687270E-04 -.24678953E-04 0.34907192E-04
   14.3750 -.67490493E-08 0.29135541E-08 0.73510860E-08
   14.3906 -.24664783E-04 -.24667139E-04 0.34882938E-04
   14.4063 0.54400058E-08 -.49301725E-04 0.49301725E-04
   14.4219 0.24641331E-04 -.24632325E-04 0.34841738E-04
   14.4375 -.36995311E-08 0.39988159E-08 0.54476654E-08
   14.4531 -.24616436E-04 -.24616647E-04 0.34813049E-04
   14.4688 0.39412336E-08 -.49206126E-04 0.49206126E-04
   14.4844 0.24593930E-04 -.24586205E-04 0.34775607E-04
   14.5000 -.23048670E-08 0.43121049E-08 0.48894440E-08
   14.5156 -.24570585E-04 -.24567900E-04 0.34746157E-04
   14.5313 -.84835812E-10 -.49113529E-04 0.49113529E-04
   14.5469 0.24544308E-04 -.24545094E-04 0.34711447E-04
   14.5625 -.11380723E-08 -.30851011E-08 0.32883214E-08
   14.5781 -.24518482E-04 -.24527159E-04 0.34680506E-04
   14.5938 0.77192830E-08 -.49020815E-04 0.49020815E-04
   14.6094 0.24500519E-04 -.24491861E-04 0.34642846E-04
   14.6250 -.96111155E-08 0.19263808E-08 0.98022692E-08
   14.6406 -.24484723E-04 -.24488352E-04 0.34629193E-04
   14.6563 0.38808574E-08 -.48945218E-04 0.48945218E-04
   14.6719 0.24461409E-04 -.24459263E-04 0.34592140E-04
   14.6875 -.10911320E-08 -.46237019E-08 0.47507038E-08
   14.7031 -.24430456E-04 -.24445846E-04 0.34560766E-04
   14.7188 0.13046401E-07 -.48849037E-04 0.48849037E-04
   14.7344 0.24411402E-04 -.24399786E-04 0.34514724E-04
   14.7500 -.27265909E-07 -.29333884E-08 0.27423248E-07
   14.7656 -.24407727E-04 -.24431110E-04 0.34534278E-04
   14.7813 0.25475879E-07 -.48799411E-04 0.48799418E-04
   14.7969 0.24402223E-04 -.24366251E-04 0.34484528E-04
   14.8125 -.83911829E-08 0.16433834E-07 0.18452177E-07
   14.8281 -.24372488E-04 -.24369489E-04 0.34465782E-04
   14.8438 0.92025756E-08 -.48708374E-04 0.48708374E-04
   14.8594 0.24338195E-04 -.24324763E-04 0.34409910E-04
   14.8750 -.37307004E-07 -.53923843E-08 0.37694701E-07
   14.8906 -.24335306E-04 -.24381072E-04 0.34447698E-04
   14.9063 0.62639145E-07 -.48666250E-04 0.48666290E-04
   14.9219 0.24368874E-04 -.24249966E-04 0.34378816E-04
   14.9375 -.37161204E-07 0.85589555E-07 0.93308770E-07
   14.9531 -.24380708E-04 -.24289890E-04 0.34415370E-04
   14.9688 -.22803386E-07 -.48620881E-04 0.48620885E-04
   14.9844 0.24308691E-04 -.24276696E-04 0.34355064E-04
   15.0000 -.22933031E-07 0.61415108E-07 0.65557145E-07
   15.0156 -.24364070E-04 -.24254450E-04 0.34378572E-04
   15.0313 -.80879602E-07 -.48592072E-04 0.48592141E-04
   15.0469 0.24251724E-04 -.24340170E-04 0.34359713E-04
   15.0625 0.33540388E-07 -.35593832E-07 0.48906834E-07
   15.0781 -.24229081E-04 -.24245523E-04 0.34276723E-04
   15.0938 -.24931130E-08 -.48479356E-04 0.48479356E-04
   15.1094 0.24232771E-04 -.24239802E-04 0.34275286E-04
   15.1250 -.23189579E-08 0.32577260E-09 0.23417288E-08
   15.1406 -.24232762E-04 -.24223542E-04 0.34263783E-04
   15.1563 -.83862552E-08 -.48447884E-04 0.48447884E-04
   15.1719 0.24217685E-04 -.24225184E-04 0.34254281E-04
   15.1875 0.11396081E-07 0.25718796E-08 0.11682689E-07
   15.2031 -.24202638E-04 -.24189410E-04 0.34218348E-04
   15.2188 -.11266164E-07 -.48390408E-04 0.48390408E-04
   15.2344 0.24189687E-04 -.24200081E-04 0.34216733E-04
   15.2500 0.12232008E-07 0.13299513E-08 0.12304096E-07
   15.2656 -.24177170E-04 -.24162990E-04 0.34181656E-04
   15.2813 -.14538347E-07 -.48339771E-04 0.48339774E-04
   15.2969 0.24160267E-04 -.24178526E-04 0.34180692E-04
   15.3125 0.94555350E-08 -.65692234E-08 0.11513550E-07
   15.3281 -.24150000E-04 -.24148478E-04 0.34152181E-04
   15.3438 -.57700706E-08 -.48297079E-04 0.48297079E-04
   15.3594 0.24143454E-04 -.24151657E-04 0.34149802E-04
   15.3750 0.78033340E-08 -.69723854E-09 0.78344220E-08
   15.3906 -.24134844E-04 -.24125093E-04 0.34124929E-04
   15.4063 -.12378100E-07 -.48258538E-04 0.48258538E-04
   15.4219 0.24118017E-04 -.24138688E-04 0.34122648E-04
   15.4375 0.80939824E-08 -.12001366E-07 0.14475681E-07
   15.4531 -.24106213E-04 -.24115167E-04 0.34097666E-04
   15.4688 0.49881232E-09 -.48218513E-04 0.48218513E-04
   15.4844 0.24103179E-04 -.24107327E-04 0.34089975E-04
   15.5000 -.37795918E-08 -.31018290E-08 0.48894435E-08
   15.5156 -.24103620E-04 -.24104605E-04 0.34088363E-04
   15.5313 -.26983109E-08 -.48200582E-04 0.48200582E-04
   15.5469 0.24094898E-04 -.24101757E-04 0.34080182E-04
   15.5625 0.56853531E-08 -.47720503E-08 0.74226478E-08
   15.5781 -.24082172E-04 -.24086046E-04 0.34060075E-04
   15.5938 -.44599649E-09 -.48164849E-04 0.48164849E-04
   15.6094 0.24076273E-04 -.24080216E-04 0.34051780E-04
   15.6250 -.63691012E-08 -.41024935E-08 0.75760083E-08
   15.6406 -.24078918E-04 -.24084477E-04 0.34056662E-04
   15.6563 0.33602867E-08 -.48155274E-04 0.48155274E-04
   15.6719 0.24078005E-04 -.24073546E-04 0.34048287E-04
   15.6875 0.35944119E-08 0.36435601E-08 0.51181370E-08
   15.7031 -.24069685E-04 -.24063216E-04 0.34035100E-04
   15.7188 -.56493983E-08 -.48130983E-04 0.48130983E-04
   15.7344 0.24060131E-04 -.24067911E-04 0.34031666E-04
   15.7500 0.47824095E-09 -.42938098E-08 0.43203605E-08
   15.7656 -.24058412E-04 -.24061961E-04 0.34026241E-04
   15.7813 0.12026141E-08 -.48118036E-04 0.48118036E-04
   15.7969 0.24059265E-04 -.24057634E-04 0.34023786E-04
   15.8125 0.22307280E-08 0.24405453E-08 0.33064194E-08
   15.8281 -.24056430E-04 -.24050163E-04 0.34016499E-04
   15.8438 -.61716818E-08 -.48106758E-04 0.48106758E-04
   15.8594 0.24049517E-04 -.24058503E-04 0.34017507E-04
   15.8750 0.44850315E-08 -.46342423E-08 0.64491634E-08
   15.8906 -.24045363E-04 -.24047687E-04 0.34006924E-04
   15.9063 -.17926758E-08 -.48094738E-04 0.48094738E-04
   15.9219 0.24044568E-04 -.24050307E-04 0.34008212E-04
   15.9375 0.82505053E-09 -.37296939E-08 0.38198591E-08
   15.9531 -.24044839E-04 -.24047313E-04 0.34006287E-04
   15.9688 -.20093744E-08 -.48092435E-04 0.48092435E-04
