StaID  EPI(km) AZI(degree) PGV(cm/s) T1(sec) T2(sec)  SD(sec) SK     KT    M_ratio  LFHF    A0       AE      ML  MD     
ALSB    38.517  338.761    0.203E-03  121.50  149.54   28.04   0.31  -0.75   1.036  2.499  0.489E-04  0.134E-02   2.24   2.16
WGKB    67.622  325.082    0.344E-03  119.79  149.61   29.82   0.40  -0.29   1.541  0.001  0.274E-04  0.101E-02   3.57   2.32
ELDB     7.702   87.514    0.160E-03  117.37  142.41   25.04   0.45  -0.17   0.578  1.766  0.502E-04  0.296E-03   1.13   1.95
FULB    35.234   87.286    0.116E-03  125.39  150.36   24.97   0.48  -0.09   0.993  3.484  0.326E-04  0.495E-03   2.03   2.05
TWGB    42.680  161.804    0.177E-03  119.79  149.61   29.82   0.40  -0.31   1.094  2.670  0.366E-04  0.126E-02   2.44   2.23
TPUB    35.215  291.542    0.102E-03  116.33  143.78   27.45   0.88   1.03   0.885  0.994  0.308E-04  0.333E-03   1.89   2.13
HGSD    59.235   54.759    0.522E-03  129.22  155.27   26.05   0.40  -0.25   1.364  2.643  0.210E-03  0.322E-03   2.96   2.17
YULB    42.326   56.909    0.171E-04  126.30  159.12   32.82   0.28  -0.61   0.694  1.555  0.668E-05  0.423E-04   1.60   2.31
RLNB    98.784  322.517    0.369E-03  232.83  258.51   25.68   0.16  -0.43   1.494  1.760  0.361E-04  0.764E-04   3.43   2.29
