 StaID  EPI(km) AZI(degree) PGV(cm/s)  T1(sec) T2(sec)  SD(sec) SK     KT    M_ratio  LFHF    A0       AE          ML     MD        txtfile
SGSB    41.073  336.132     .522E-03   90.58  126.13   35.55    .88    .43   1.149   .674   .181E-03   .550E-03   2.73   2.38 M002para_result.txt
ESLB   137.849   30.576     .572E-04  114.55  178.92   64.36    .97   1.09    .947  -.142   .168E-04   .156E-03   3.06   3.23 M002para_result.txt
SCZB    42.983  197.388     .364E-03   87.14  125.27   38.13    .97    .41   1.098  2.114   .687E-04   .249E-02   2.68   2.44 M002para_result.txt
TWMB    34.254  285.138     .102E-02   50.00  139.51   89.51   1.18   1.01    .954  1.736   .116E-03   .140E-01   3.01   3.15 M002para_result.txt
WLCB    58.828  222.192     .356E-02  181.15  191.05    9.90    .38   -.44   2.818  2.631   .203E-02  -.456E-02   3.74   1.33 M002para_result.txt
ECLB    26.784  126.766     .141E-02  122.65  146.14   23.49   1.01   1.33   1.320  -.140   .303E-03   .303E-02   2.60   1.97 M002para_result.txt
DPDB   144.140    7.026     .605E-04  109.61  155.90   46.28   1.64   4.17   1.157   .338   .120E-04   .393E-03   3.43   2.97 M002para_result.txt
FULB    75.100   47.479     .134E-03  105.00  150.45   45.45    .48   -.23   1.100  1.891   .301E-04   .940E-03   2.98   2.71 M002para_result.txt
TWGB    34.603   75.756     .114E-02   55.00  135.13   80.13   1.27   1.88    .907  3.343   .268E-03   .534E-02   2.77   3.06 M002para_result.txt
TWKB    88.787  176.033     .244E-02   38.09  121.52   83.44    .58    .34   1.164  2.944   .701E-03   .139E-01   3.82   3.28 M002para_result.txt
SSLB   117.637   10.024     .566E-04  106.61  164.33   57.72    .80    .52    .922   .712   .112E-04   .505E-03   2.83   3.06 M002para_result.txt
CHGB   152.216   16.330     .210E-03  108.05  178.55   70.51   1.01    .74   1.014  2.579   .311E-04   .261E-02   3.41   3.36 M002para_result.txt
HGSD   107.832   39.433     .822E-03  113.79  168.87   55.08    .77   -.04   1.277  2.176   .199E-03   .533E-02   3.82   2.99 M002para_result.txt
YULB    91.118   37.594     .283E-04  106.07  160.68   54.61    .96    .82    .926  1.716   .445E-05   .330E-03   2.71   2.92 M002para_result.txt
MASB    18.882  220.851     .110E-02   79.74  113.09   33.35    .86    .30   1.106  2.773   .123E-03   .873E-02   2.48   2.24 M002para_result.txt
YHNB   222.720   16.433     .348E-04  123.05  173.73   50.68    .66    .19   1.064  1.729   .102E-04   .214E-03   3.53   3.32 M002para_result.txt
SCZB    22.588  238.847     .496E-03  100.33  148.49   48.16   1.39   2.21    .920  2.521   .815E-04   .289E-02   2.37   2.57 M004para_result.txt
TIPB   294.796   20.235     .354E-04  110.74  122.25   11.51    .37   -.23   1.747  1.916   .873E-05   .114E-03   3.99   2.28 M004para_result.txt
MASB    24.102  308.645     .642E-04  101.23  152.06   50.83    .91    .40    .757  1.932   .227E-04   .175E-03   1.99   2.63 M004para_result.txt
ALSB    49.007  349.475     .808E-03  135.18  158.77   23.59    .87   -.18   1.550  1.336   .282E-03   .523E-03   3.17   2.05 M005para_result.txt
SGSB    31.786  271.517     .720E-03  119.09  156.08   37.00    .90    .59   1.129   .897   .259E-03   .135E-02   2.68   2.38 M005para_result.txt
WGKB    75.648  333.535     .444E-03  143.74  164.83   21.10    .88    .64   1.793   .928   .240E-03  -.851E-03   3.66   2.04 M005para_result.txt
DPDB   106.335    1.392     .414E-04  153.26  200.08   46.82    .51   -.19   1.150  1.212   .102E-04   .349E-03   3.27   2.84 M005para_result.txt
FULB    42.564   70.845     .122E-03  137.59  182.66   45.08    .62    .17    .956  1.351   .239E-04   .116E-02   2.47   2.59 M005para_result.txt
TIPB   230.258   23.922     .394E-04  151.04  175.86   24.82    .67   -.04   1.358  1.948   .192E-04  -.165E-04   3.70   2.73 M005para_result.txt
TPUB    37.485  312.253     .362E-03  123.55  156.51   32.96    .59   -.01   1.154   .213   .125E-03   .890E-03   2.65   2.30 M005para_result.txt
SSLB    79.269    3.905     .472E-04  142.84  164.82   21.98    .47    .19   1.250   .187   .228E-04  -.502E-04   2.62   2.09 M005para_result.txt
HGSD    70.782   48.952     .789E-03  140.65  200.40   59.75   1.12   1.75   1.188  1.984   .228E-03   .317E-03   3.48   2.93 M005para_result.txt
YULB    53.769   48.816     .261E-04  132.98  172.84   39.86    .91    .52    .898  1.586   .597E-05   .205E-03   2.26   2.52 M005para_result.txt
YHNB   183.229   15.196     .315E-04  177.59  197.01   19.42    .61   -.13   1.431  1.745   .143E-04   .178E-04   3.36   2.35 M005para_result.txt
SCZB    35.091  216.293     .689E-03  101.79  194.55   92.77   1.59   2.34    .850  2.676   .433E-04   .109E-01   2.71   3.19 M006para_result.txt
TWMB    46.354  297.901     .326E-03  131.75  181.65   49.90    .33    .27   1.152   .949   .869E-04   .287E-02   3.10   2.69 M006para_result.txt
SLBB   249.461   19.069     .845E-04  126.44  160.14   33.70   1.13    .74   1.280  2.062   .147E-04   .512E-03   3.91   3.06 M006para_result.txt
NANB   220.469   25.025     .140E-03  127.14  163.48   36.34   1.87   2.99   1.171  1.825   .253E-04   .229E-03   3.54   3.02 M006para_result.txt
TIPB   278.757   21.142     .504E-04  144.28  161.39   17.12    .80    .73   1.504  2.383   .148E-04   .887E-04   3.87   2.57 M006para_result.txt
MASB    20.322  265.634     .278E-03   96.50  195.32   98.82   1.14   1.16    .653  2.629   .312E-04   .369E-02   2.08   3.19 M006para_result.txt
YHNB   232.956   13.711     .455E-04  130.59  167.01   36.42   1.14    .94   1.195  1.914   .633E-05   .399E-03   3.67   3.07 M006para_result.txt
SCZB    14.080  260.206     .131E-03  101.75  129.13   27.38    .58   -.37    .934  1.213   .424E-04   .593E-03   1.92   2.05 M008para_result.txt
MASB    27.776  331.206     .382E-04  103.45  139.20   35.75    .33    .03    .846  1.802   .124E-04   .147E-03   1.97   2.33 M008para_result.txt
SCZB    31.344  209.036     .216E-03   44.51   92.69   48.18    .84    .99    .931  1.684   .360E-04   .216E-02   2.42   2.61 M010para_result.txt
TWMB    42.000  302.493     .798E-03   47.73  120.67   72.94    .83   1.00   1.017  1.535   .204E-03   .355E-02   3.06   3.00 M010para_result.txt
FULB    83.373   39.469     .134E-03   55.21  114.83   59.62    .64    .21   1.022  1.848   .329E-04   .117E-02   3.04   2.97 M010para_result.txt
TWGB    38.230   54.644     .905E-03   46.47   99.61   53.14    .74    .75   1.044  2.737   .143E-03   .994E-02   2.83   2.71 M010para_result.txt
YULB   100.976   31.819     .271E-04   66.53  115.90   49.38    .55    .14    .947  1.590   .110E-04   .786E-04   2.72   2.87 M010para_result.txt
MASB    14.729  267.401     .462E-03   35.26   85.63   50.37   1.05    .67    .761  2.606   .445E-04   .486E-02   1.97   2.59 M010para_result.txt
ALSB     9.041   85.559     .108E-02   32.18   94.89   62.70   1.41   2.56    .789  2.344   .268E-03   .470E-02   2.18   2.76 M011para_result.txt
SGSB    48.652  196.419     .664E-03   65.90   95.55   29.65   1.00   1.61   1.315   .932   .198E-03   .193E-02   2.95   2.24 M011para_result.txt
TWMB    81.115  201.853     .376E-03   80.01  123.94   43.93    .78    .77   1.336   .499   .127E-03   .117E-02   3.61   2.70 M011para_result.txt
SLBB   166.653   33.551     .414E-04  123.06  163.00   39.94   1.13   1.54   1.210  1.808   .138E-04   .522E-05   3.53   2.92 M011para_result.txt
FULB    67.143  119.886     .117E-03   41.52  111.48   69.96   1.12   1.77    .944  1.935   .360E-04   .648E-03   2.88   3.05 M011para_result.txt
TPUB    24.339  203.622     .569E-03   76.08   92.67   16.60    .66   -.84   1.580   .894   .205E-03   .639E-03   2.61   1.66 M011para_result.txt
YULB    59.669  101.617     .363E-04   44.13  118.56   74.43    .98   1.69    .763  1.737   .553E-05   .559E-03   2.35   3.08 M011para_result.txt
DPDB    48.154  298.408     .939E-04  111.56  119.58    8.02    .63   -.72   2.355  -.129   .461E-04  -.592E-04   2.61   1.11 M012para_result.txt
TIPB   135.852   21.028     .346E-04  115.33  121.45    6.12    .03   -.91   2.881  2.112   .160E-04   .389E-04   3.40   1.18 M012para_result.txt
TPUB    93.244  231.461     .462E-03  103.16  123.62   20.46    .61   -.62   1.644   .501   .133E-03   .171E-02   3.42   2.08 M012para_result.txt
TPUB    33.141  323.153     .654E-03  234.14  261.73   27.59    .85   -.46   1.305  1.324   .935E-04   .477E-02   2.78   2.13 M013para_result.txt
ALSB    41.259   22.903     .116E-02   99.27  168.31   69.04    .39   -.38   1.018  2.288   .228E-03   .141E-01   3.01   2.95 M014para_result.txt
SGSB    11.514  215.504     .618E-02   78.28  162.49   84.20    .96    .57    .991  2.771   .452E-03   .108E+00   2.99   3.02 M014para_result.txt
ESLB   107.498   48.088     .120E-03  113.90  196.00   82.10   1.11   1.04    .876  -.090   .127E-04   .226E-02   2.92   3.33 M014para_result.txt
WGKB    58.163  351.361     .114E-02  114.62  180.88   66.26   1.09   1.85   1.176  1.216   .175E-03   .126E-01   3.50   2.98 M014para_result.txt
SCZB    87.997  181.864     .157E-03  100.60  184.81   84.21    .60    .09    .961  1.483   .476E-04   .889E-03   3.16   3.29 M014para_result.txt
TAIH    45.172  251.952     .647E-03  133.37  179.49   46.13    .43   -.78   1.239  2.312   .139E-03   .690E-02   3.24   2.62 M014para_result.txt
TWMB    44.477  211.311     .142E-02  115.00  181.41   66.40    .83    .38   1.126  2.737   .215E-03   .225E-01   3.30   2.93 M014para_result.txt
NANB   178.790   38.333     .440E-04  145.75  209.11   63.36    .33   -.43    .970  1.571   .205E-04  -.180E-05   3.26   3.36 M014para_result.txt
DPDB   100.000   15.957     .145E-03  120.83  193.61   72.77    .54    .31   1.005   .381   .367E-04   .131E-02   3.22   3.20 M014para_result.txt
WLGB    50.219  313.635     .124E-02  118.66  231.20  112.53    .67   -.27   1.065  2.241   .279E-03   .264E-01   3.63   3.41 M014para_result.txt
FULB    65.388   86.605     .299E-03  105.52  178.98   73.46   1.09   1.20    .945  2.633   .478E-04   .363E-02   2.92   3.09 M014para_result.txt
TIPB   232.675   30.501     .449E-04  150.04  201.55   51.51    .72   -.07   1.114  1.001   .953E-05   .494E-03   3.75   3.37 M014para_result.txt
TWGB    58.009  131.432     .884E-03  113.35  193.52   80.17    .99   1.33    .998  3.255   .287E-03   .502E-03   3.14   3.14 M014para_result.txt
TPUB    15.238  349.799     .169E-02   88.84  160.94   72.10   1.08   1.32    .887  1.420   .327E-03   .123E-01   2.57   2.90 M014para_result.txt
SSLB    75.320   23.767     .135E-03   94.72  193.17   98.44    .71    .36    .788   .492   .636E-04  -.106E-02   2.66   3.38 M014para_result.txt
CHGB   112.292   27.964     .285E-03  119.64  225.51  105.87    .63    .18    .920  2.497   .791E-04   .377E-02   3.29   3.57 M014para_result.txt
HGSD    86.435   65.087     .294E-02  109.80  182.62   72.82   1.07    .78   1.237  2.942   .576E-03   .225E-01   3.90   3.16 M014para_result.txt
YULB    70.218   68.870     .753E-04  104.56  182.25   77.69    .65   -.26    .834  2.361   .151E-04   .115E-02   2.63   3.16 M014para_result.txt
MASB    61.260  182.230     .896E-04  111.35  203.57   92.22   1.06   1.77    .797  2.205   .164E-04   .110E-02   2.61   3.27 M014para_result.txt
YHNB   181.949   23.591     .761E-04  120.82  214.19   93.37    .67    .35    .928  2.246   .203E-04   .584E-03   3.44   3.71 M014para_result.txt
NNSB   158.239   27.747     .687E-04  128.67  202.06   73.38    .78    .76    .965  -.716   .108E-04   .873E-03   3.30   3.42 M014para_result.txt
ALSB    23.644   23.213     .101E-02   48.52   78.24   29.72    .60   -.49   1.269  2.241   .377E-03   .254E-02   2.74   2.16 M015para_result.txt
SGSB    28.950  207.673     .628E-03   47.12   73.23   26.10    .83   -.22   1.262  1.203   .888E-04   .435E-02   2.61   2.06 M015para_result.txt
ESLB    91.923   52.857     .467E-04   58.33  101.39   43.05    .26   -.55   1.015  -.907   .148E-04   .341E-03   2.76   2.72 M015para_result.txt
WGKB    44.043  339.444     .116E-02   59.78   95.62   35.84   1.78   4.14   1.326  1.058   .217E-03   .406E-02   3.17   2.39 M015para_result.txt
TAIH    58.187  238.684     .309E-03   64.17  110.88   46.71    .87    .52   1.257  1.780   .219E-04   .409E-02   3.36   2.67 M015para_result.txt
TWMB    61.944  208.846     .483E-03   61.12  128.59   67.46   1.32   1.87   1.101   .806   .147E-03   .917E-03   3.31   3.00 M015para_result.txt
SLBB   184.699   30.022     .603E-04   99.87  135.62   35.75    .77    .23   1.260  1.875   .135E-04   .330E-03   3.63   2.88 M015para_result.txt
DPDB    82.525   14.585     .862E-04   62.40  106.76   44.36    .65    .45   1.146   .677   .233E-04   .575E-03   3.11   2.71 M015para_result.txt
WLGB    46.851  293.129     .137E-02   60.27  122.11   61.85    .84    .95   1.201  2.243   .206E-03   .162E-01   3.45   2.88 M015para_result.txt
FULB    59.826  101.987     .122E-03   58.33  101.39   43.05    .57   -.07   1.047  1.829   .289E-04   .119E-02   2.73   2.61 M015para_result.txt
TIPB   215.245   31.177     .340E-04   45.10   92.15   47.06    .61    .51   1.120  1.750   .102E-04   .153E-03   3.61   3.23 M015para_result.txt
TPUB     9.531  262.344     .211E-02   45.52   65.92   20.41   1.17    .58   1.368  1.855   .355E-03   .592E-02   2.44   1.78 M015para_result.txt
HGSD    74.422   74.325     .555E-03   58.10  103.47   45.37    .48   -.02   1.297  1.967   .189E-03   .333E-02   3.51   2.70 M015para_result.txt
YULB    59.441   81.277     .468E-04   52.83   95.81   42.98    .46   -.42    .876  1.696   .150E-04   .145E-03   2.28   2.60 M015para_result.txt
YHNB   164.337   23.731     .369E-04   71.81  128.82   57.01    .69    .39   1.052  1.766   .106E-04   .241E-03   3.38   3.22 M015para_result.txt
NNSB   140.707   28.426     .361E-04   83.79  123.14   39.35    .79    .47   1.160  -.300   .167E-04  -.101E-03   3.26   2.81 M015para_result.txt
ALSB    17.792  274.780     .449E-01  137.31  204.03   66.72   1.98   3.94   1.459  3.458   .122E-02   .438E+00   4.14   2.84 M016para_result.txt
ESLB    58.114   52.796     .631E-04  155.35  215.28   59.93    .74    .54   1.019  -.654   .162E-04   .271E-03   2.94   2.89 M016para_result.txt
WGKB    47.402  296.346     .159E-02  156.28  213.18   56.90    .92    .24   1.249  1.528   .754E-04   .218E-01   3.50   2.81 M016para_result.txt
TWHB   104.050  150.621     .364E-03  180.43  214.99   34.56   1.11   2.81   1.315  2.689   .955E-04   .112E-02   3.38   2.57 M016para_result.txt
SLBB   154.177   25.188     .471E-04  174.24  238.20   63.96    .90   1.23   1.085  1.780   .142E-04   .212E-03   3.56   3.28 M016para_result.txt
NANB   129.208   36.766     .338E-04  172.75  235.71   62.96    .64    .37    .958  1.103   .107E-04   .138E-03   3.05   3.18 M016para_result.txt
DPDB    59.914  354.098     .106E-03  161.04  226.00   64.95   1.07   1.24    .963   .793   .196E-04   .929E-03   2.86   2.96 M016para_result.txt
FULB    45.386  136.208     .176E-03  161.37  213.27   51.90    .71    .02   1.278  2.216   .283E-04   .207E-02   3.48   2.72 M016para_result.txt
TIPB   184.324   27.349     .450E-04  215.95  249.91   33.95    .77    .13   1.312  2.126   .877E-05   .256E-03   3.72   2.84 M016para_result.txt
TPUB    42.386  239.546     .309E-03  154.12  198.74   44.62    .52    .63   1.056   .445   .149E-03  -.103E-02   2.72   2.58 M016para_result.txt
SSLB    32.551  354.073     .139E-03  154.12  208.16   54.04   1.33   3.14    .757   .937   .385E-04   .477E-03   2.05   2.71 M016para_result.txt
HGSD    44.602   90.326     .126E-02  161.71  220.60   58.89    .69   -.46   1.114  2.802   .213E-03   .168E-01   3.15   2.83 M016para_result.txt
YULB    33.643  109.666     .711E-04  158.76  222.14   63.38    .86    .04    .730  2.123   .666E-05   .955E-03   2.08   2.85 M016para_result.txt
MASB   104.254  200.432     .385E-04  171.76  216.62   44.86    .50    .55   1.063  1.748   .120E-04   .153E-03   2.97   2.80 M016para_result.txt
YHNB   135.903   16.820     .432E-04  171.40  227.16   55.76    .78    .85   1.066  1.955   .796E-05   .453E-03   3.30   3.10 M016para_result.txt
ALSB    32.679  333.129     .109E-01  173.88  234.38   60.51    .85   -.01   1.608  2.987   .425E-03   .176E+00   4.51   2.81 M017para_result.txt
CHKH    45.470  110.930     .119E-03  184.96  233.02   48.07   1.29   2.63    .948  1.324   .225E-04   .649E-03   2.52   2.65 M017para_result.txt
ESLB    79.817   38.091     .159E-03  197.84  237.95   40.11   2.34   8.23   1.063  -.249   .236E-04   .343E-03   2.78   2.62 M017para_result.txt
WGKB    62.718  320.938     .806E-03  199.26  237.60   38.34    .84   -.02   1.484   .168   .120E-03   .708E-02   3.74   2.52 M017para_result.txt
TWHB    82.982  139.382     .282E-03  231.12  277.83   46.70   1.36   2.50   1.149  2.696   .133E-03  -.148E-02   3.17   2.76 M017para_result.txt
ELDB     9.406  133.027     .544E-03  181.18  233.55   52.38    .79    .67    .730  1.654   .241E-03  -.504E-03   1.90   2.60 M017para_result.txt
SLBB   180.708   22.293     .101E-03  215.08  270.57   55.48   1.62   2.93   1.150  1.849   .117E-04   .762E-03   3.74   3.25 M017para_result.txt
NANB   153.805   31.464     .489E-04  209.63  262.44   52.80   1.37   1.64   1.030  1.601   .119E-04   .239E-03   3.21   3.11 M017para_result.txt
DPDB    87.326  357.891     .129E-03  195.47  243.00   47.52   1.39   1.51   1.136   .710   .221E-04   .839E-03   3.17   2.79 M017para_result.txt
FULB    34.750   98.414     .321E-03  189.55  223.02   33.48    .54   -.30   1.064  2.935   .534E-04   .246E-02   2.45   2.30 M017para_result.txt
TIPB   210.505   24.595     .482E-04  198.45  277.02   78.56   1.98   4.31    .991  2.240   .855E-05   .495E-03   3.62   3.66 M017para_result.txt
TPUB    34.137  280.431     .874E-03  187.93  251.64   63.71   2.92  13.85    .956  1.011   .103E-03   .213E-02   2.73   2.86 M017para_result.txt
CHGB    92.882   13.674     .239E-03  210.06  265.98   55.91   1.06    .91   1.076  2.617   .766E-04   .655E-03   3.17   2.95 M017para_result.txt
HGSD    54.903   60.031     .166E-02  193.32  239.79   46.46   1.23   1.49   1.278  2.597   .211E-03   .148E-01   3.40   2.66 M017para_result.txt
YULB    38.310   64.728     .136E-03  183.34  231.93   48.60   1.20   1.33    .830  2.282   .143E-04   .864E-03   2.19   2.64 M017para_result.txt
MASB    77.595  205.508     .407E-04  182.31  250.13   67.82    .95    .79    .898  1.781   .174E-04  -.136E-03   2.75   3.06 M017para_result.txt
YHNB   163.330   14.996     .892E-04  210.33  260.55   50.21   1.81   4.29   1.106  1.942   .935E-05   .798E-03   3.43   3.10 M017para_result.txt
NNSB   137.959   18.187     .739E-04  205.35  263.15   57.80   1.65   3.38   1.011  -.339   .861E-05   .520E-03   3.17   3.14 M017para_result.txt
ALSB    84.530    1.958     .831E-03   93.43  155.88   62.45    .85    .25   1.167  1.791   .167E-03   .600E-02   3.52   3.02 M018para_result.txt
WGKB   106.278  348.115     .426E-03   99.15  132.63   33.48    .85    .56   1.523   .493   .130E-03   .147E-02   3.89   2.55 M018para_result.txt
TWMB    37.332  283.176     .400E-03   88.03  175.16   87.13   1.39   3.58    .922   .882   .136E-03  -.228E-02   2.90   3.14 M018para_result.txt
ELDB    54.763   26.666     .439E-03  104.01  147.57   43.56    .21   -.21   1.078  1.345   .259E-03  -.182E-02   2.80   2.60 M018para_result.txt
SLBB   238.680   21.132     .500E-04  129.64  156.12   26.48    .83    .24   1.393  1.462   .101E-04   .221E-03   3.92   2.81 M018para_result.txt
FULB    72.403   45.992     .166E-03   95.24  135.11   39.86    .81    .59   1.130  2.016   .205E-04   .126E-02   2.92   2.58 M018para_result.txt
TIPB   268.292   23.059     .424E-04  185.19  202.43   17.24    .63    .94   1.536  1.897   .175E-04   .418E-04   3.91   2.54 M018para_result.txt
TPUB    63.508  345.513     .395E-03   84.75  117.20   32.45    .80    .19   1.265   .448   .127E-03   .643E-03   3.00   2.37 M018para_result.txt
YULB    88.793   36.101     .449E-04   92.70  130.46   37.76   1.42   2.26   1.022  1.673   .815E-05   .211E-03   2.65   2.59 M018para_result.txt
FULB    60.135   69.907     .414E-03   94.70  123.63   28.93   1.98   4.84   1.209  2.681   .535E-04   .104E-02   2.74   2.26 M019para_result.txt
YULB    70.629   53.412     .302E-04   90.33  138.77   48.43   1.05   1.33    .884  1.562   .898E-05   .621E-04   2.43   2.75 M019para_result.txt
SCZB    13.971  202.435     .601E-02   88.54  103.12   14.58   1.47   1.27   2.184  3.916   .155E-03   .197E-01   3.29   1.51 M020para_result.txt
TWMB    45.013  325.375     .450E-03  109.94  154.99   45.06    .87   1.41   1.167  1.283   .155E-03   .921E-04   3.03   2.60 M020para_result.txt
SLBB   269.202   21.045     .150E-02  146.41  157.60   11.19   1.84   3.89   2.252 -2.547   .647E-04   .220E-02   4.89   2.17 M020para_result.txt
YULB   118.500   32.143     .364E-04  129.68  155.82   26.14   1.12   1.10   1.195  1.487   .237E-04  -.236E-03   2.84   2.38 M020para_result.txt
MASB    14.649  340.666     .318E-03   90.79  110.37   19.58    .68   -.25   1.173  2.393   .470E-04   .124E-02   2.07   1.76 M020para_result.txt
ALSB    32.997    7.877     .177E-02  135.91  212.04   76.13    .97   1.44   1.042  2.575   .719E-03  -.772E-02   3.14   3.01 M022para_result.txt
WGKB    55.994  338.793     .498E-03  104.22  176.70   72.47    .58    .36   1.116   .271   .136E-03   .447E-02   3.40   3.05 M022para_result.txt
TWMB    55.485  218.721     .362E-03   99.53  185.15   85.62    .70    .31   1.016   .596   .125E-03   .121E-02   3.24   3.19 M022para_result.txt
DPDB    92.216    9.994     .623E-04  114.69  184.62   69.93    .66    .39    .998   .380   .180E-04   .554E-03   3.14   3.14 M022para_result.txt
FULB    53.733   91.585     .177E-03   90.65  179.79   89.14   1.22   1.76    .851  2.347   .222E-04   .302E-02   2.74   3.22 M022para_result.txt
TWGB    54.126  143.890     .488E-03   97.53  176.47   78.95   1.21   1.94   1.026  2.561   .115E-03   .539E-02   3.20   3.11 M022para_result.txt
TPUB    17.234  304.218     .414E-03   85.33  160.69   75.37    .60    .23    .786   .567   .144E-03   .105E-02   2.32   2.94 M022para_result.txt
HGSD    73.712   65.094     .807E-03   96.01  177.87   81.86    .92    .69   1.101  2.143   .975E-04   .172E-01   3.54   3.21 M022para_result.txt
YULB    57.524   69.703     .377E-04   93.06  184.32   91.26    .56    .08    .712  1.809   .104E-04   .351E-03   2.32   3.25 M022para_result.txt
MASB    67.976  191.881     .822E-04  110.13  211.76  101.63   2.37   7.77    .783  2.027   .117E-04   .486E-03   2.65   3.38 M022para_result.txt
YHNB   172.658   20.825     .493E-04  108.33  202.76   94.43   1.26   2.52    .928  1.758   .766E-05   .634E-03   3.42   3.68 M022para_result.txt
FULB    61.846   67.629     .977E-04  130.04  170.58   40.54    .67    .93   1.059  1.504   .265E-04   .489E-03   2.71   2.56 M023para_result.txt
TPUB    36.336  342.750     .302E-03  131.74  170.47   38.73    .51    .24   1.023   .814   .115E-03   .214E-03   2.49   2.43 M023para_result.txt
SCZB    18.101  237.188     .301E-03   97.57  127.93   30.36   1.60   2.60    .966  2.035   .424E-04   .126E-02   2.08   2.16 M024para_result.txt
NANB   239.581   24.339     .400E-04   54.44   66.48   12.04    .22   -.81   1.711  1.220   .123E-04   .733E-04   3.64   2.13 M024para_result.txt
TIPB   298.001   20.836     .447E-04  128.93  177.51   48.58    .75    .30   1.131  2.392   .802E-05   .441E-03   4.01   3.55 M024para_result.txt
CHGB   181.836   12.857     .693E-03   25.98   76.94   50.96   1.95   4.98   1.194  3.673   .394E-04   .557E-02   3.80   3.18 M024para_result.txt
MASB    22.429  319.003     .817E-04   81.39  124.75   43.36   1.12    .55    .753  1.899   .673E-05   .751E-03   1.87   2.48 M024para_result.txt
TAIH    40.229  261.372     .212E-03  175.75  225.26   49.51   1.09   1.98   1.116  1.754   .403E-04   .174E-02   2.97   2.66 M025para_result.txt
TWMB    36.048  213.571     .574E-03  169.84  223.27   53.44   1.63   3.55   1.064  2.145   .824E-04   .343E-02   2.89   2.71 M025para_result.txt
SLBB   210.682   29.025     .584E-03  227.42  260.23   32.81   3.33  15.39   1.391 -1.049   .256E-04   .162E-02   4.03   2.90 M025para_result.txt
FULB    69.464   80.174     .457E-04  130.90  179.78   48.88    .02   -.42   1.007  1.734   .305E-04  -.305E-03   2.77   2.75 M025para_result.txt
TPUB    22.971    1.173     .354E-03  172.10  211.55   39.45   1.03   1.02    .954   .967   .699E-04   .226E-02   2.29   2.40 M025para_result.txt
YHNB   190.522   23.494     .490E-03  220.98  226.57    5.59   2.20   4.83   2.916  -.108   .238E-04   .357E-03   3.77   1.29 M025para_result.txt
ESLB    95.764   53.665     .478E-04  134.63  185.04   50.41    .58    .30    .964  -.861   .173E-04   .845E-04   2.77   2.87 M026para_result.txt
TWHB   107.331  130.048     .373E-03   90.72  102.40   11.68   1.13    .73   2.013  2.483   .121E-03   .349E-03   3.30   1.64 M026para_result.txt
ELDB    37.108  109.811     .575E-03  127.35  154.02   26.67    .80   1.49   1.150  1.960   .125E-03   .209E-02   2.43   2.11 M026para_result.txt
FULB    63.405  100.167     .201E-03  130.90  179.78   48.88    .84    .00    .999  2.539   .270E-04   .201E-02   2.73   2.73 M026para_result.txt
HGSD    78.491   74.221     .104E-02  136.37  178.42   42.04    .81    .82   1.333  2.416   .184E-03   .784E-02   3.53   2.65 M026para_result.txt
YULB    63.469   80.708     .867E-04  125.82  173.89   48.07   1.24   2.15    .856  2.148   .534E-05   .787E-03   2.33   2.72 M026para_result.txt
CHKH    45.662  113.237     .854E-04   86.15  132.74   46.59   1.53   4.10    .897  1.652   .151E-04   .353E-03   2.36   2.63 M027para_result.txt
ELDB    10.371  142.145     .629E-03   94.91  113.53   18.62   1.03    .29   1.070  2.119   .145E-03   .163E-02   1.83   1.71 M027para_result.txt
FULB    34.552  101.447     .440E-03   72.09  127.63   55.54   1.80   2.75    .877  2.857   .342E-04   .282E-02   2.40   2.74 M027para_result.txt
HGSD    53.591   61.400     .210E-02   77.56  136.41   58.85   2.63   8.03   1.156  3.104   .244E-03   .982E-02   3.30   2.86 M027para_result.txt
YULB    37.117   66.866     .119E-03   69.44  128.86   59.41   2.20   4.86    .662  2.593   .137E-04   .537E-03   1.86   2.81 M027para_result.txt
SCZB    14.395  268.396     .282E-03  108.03  188.86   80.82    .85    .73    .625  2.264   .793E-04   .129E-02   1.87   3.00 M029para_result.txt
TWMB    60.448  325.077     .324E-03  126.22  204.40   78.18    .59    .20   1.017  2.151   .862E-04   .427E-02   3.18   3.13 M029para_result.txt
ECLB    31.636   39.014     .857E-03  103.46  177.26   73.80   1.24   2.39    .857   .567   .111E-03   .715E-02   2.55   2.98 M029para_result.txt
EASB     9.175   84.932     .116E-02  152.81  156.60    3.79   1.38   1.34   6.454  1.864   .215E-03   .420E-03   2.06    .32 M029para_result.txt
SLBB   277.920   18.411     .215E-03  110.03  122.55   12.53   1.06    .49   1.750  1.016   .811E-04  -.189E-03   4.02   2.30 M029para_result.txt
NANB   248.510   23.616     .231E-03  112.57  122.81   10.24   2.76   9.04   1.778   .292   .167E-04   .205E-03   3.59   2.02 M029para_result.txt
FULB   106.038   30.499     .106E-03  129.19  198.39   69.19    .93   1.35    .960  2.108   .317E-04   .501E-03   3.05   3.18 M029para_result.txt
TIPB   307.096   20.353     .363E-04  113.15  131.40   18.25    .63    .32   1.466  1.645   .713E-05   .114E-03   4.00   2.73 M029para_result.txt
TWGB    58.629   33.080     .537E-03  120.41  192.61   72.20    .83   1.06    .994  2.756   .207E-03  -.382E-04   3.03   3.05 M029para_result.txt
MASB    29.773  332.187     .320E-03  103.74  188.53   84.79   1.68   4.17    .752  3.386   .245E-04   .503E-02   2.33   3.09 M029para_result.txt
YHNB   261.561   13.598     .397E-03  110.10  123.06   12.97   2.67   6.90   1.694   .014   .131E-04   .537E-03   3.85   2.27 M029para_result.txt
NNSB   235.912   15.319     .578E-04  110.72  119.76    9.04    .93    .85   1.907  -.400   .149E-04   .621E-04   3.56   1.87 M029para_result.txt
CHKH    82.638   43.718     .997E-04   84.79  255.35  170.57   1.03   1.17    .756  1.365   .273E-04   .865E-03   2.94   3.88 M030para_result.txt
ESLB   152.759   24.689     .824E-04   99.36  245.66  146.30    .96    .91    .781  -.300   .165E-04   .137E-02   3.12   4.00 M030para_result.txt
WGKB   127.062  348.677     .539E-03   87.94  255.45  167.52    .94    .86    .954   .265   .835E-04   .169E-01   3.84   4.02 M030para_result.txt
SCZB    28.377  222.653     .100E-02   60.88  210.99  150.11   1.09    .97    .770  2.872   .108E-03   .198E-01   2.76   3.58 M030para_result.txt
TAIH    79.570  311.888     .231E-03   90.32  225.56  135.24    .82    .71    .959  1.801   .442E-04   .434E-02   3.52   3.67 M030para_result.txt
TWHB    69.925   79.293     .371E-03   80.91  235.12  154.21    .99    .89    .860  2.413   .831E-04   .447E-02   3.23   3.75 M030para_result.txt
TWMB    49.004  306.432     .152E-02   77.37  232.38  155.01   1.27   1.73    .885  2.268   .104E-03   .362E-01   3.26   3.68 M030para_result.txt
ECLB    15.633   74.787     .238E-02   65.09  212.62  147.53   1.74   3.27    .715  2.012   .154E-03   .393E-01   2.52   3.52 M030para_result.txt
SLBB   256.975   18.848     .708E-04  109.90  268.95  159.05   1.14   1.27    .889  1.368   .152E-04   .118E-02   3.94   4.43 M030para_result.txt
NANB   227.847   24.582     .396E-04  100.12  256.65  156.53    .95   1.40    .818   .998   .969E-05   .524E-03   3.53   4.32 M030para_result.txt
DPDB   163.586    3.970     .148E-03  117.37  240.88  123.51   1.00    .68    .887   .153   .374E-04   .905E-03   3.45   3.89 M030para_result.txt
FULB    86.170   34.662     .345E-03   82.22  236.44  154.21   1.31   1.49    .820  3.097   .421E-04   .705E-02   3.12   3.81 M030para_result.txt
WSSB    57.557  279.255     .934E-03   94.31  243.47  149.16    .73    .72    .947  2.227   .309E-03   .112E-02   3.48   3.68 M030para_result.txt
TIPB   286.232   20.889     .396E-04  112.54  260.68  148.14    .85    .42    .864  1.853   .134E-04   .176E-03   3.86   4.47 M030para_result.txt
TWGB    39.485   43.496     .208E-02   66.48  214.03  147.55   1.40   1.87    .925  2.967   .230E-03   .333E-01   3.34   3.61 M030para_result.txt
TPUB    84.237  346.996     .210E-03   84.42  165.93   81.51    .63    .83    .894  1.024   .514E-04   .262E-02   2.90   3.25 M030para_result.txt
TWKB    68.434  180.216     .730E-03   82.32  155.79   73.47    .64    .64   1.146  2.792   .164E-03   .967E-02   3.55   3.10 M030para_result.txt
CHGB   170.160   12.385     .385E-03   94.23  254.04  159.81   1.02   1.22    .883  2.545   .566E-04   .107E-01   3.65   4.13 M030para_result.txt
HGSD   120.647   31.014     .173E-02   94.31  222.99  128.68   1.36   2.20   1.023  3.013   .142E-03   .378E-01   3.86   3.77 M030para_result.txt
YULB   104.634   28.081     .590E-04   84.86  235.12  150.26   1.30   1.54    .710  2.027   .754E-05   .160E-02   2.73   3.85 M030para_result.txt
MASB    19.619  287.397     .872E-03   60.04  209.20  149.16   1.20   1.36    .759  2.733   .357E-04   .265E-01   2.69   3.55 M030para_result.txt
YHNB   240.525   13.644     .851E-04  104.19  257.79  153.60   1.25   1.95    .823  2.035   .167E-04   .949E-03   3.57   4.34 M030para_result.txt
NNSB   214.890   15.537     .581E-04  119.13  249.84  130.71    .84    .41    .845  -.146   .117E-04   .116E-02   3.48   4.11 M030para_result.txt
SCZB    31.614  228.434     .205E-03   90.25  181.93   91.67   1.59   2.46    .784  2.135   .358E-04   .265E-02   2.48   3.17 M032para_result.txt
TWMB    52.564  303.488     .379E-03  124.02  191.47   67.46   1.52   2.74   1.024  1.772   .525E-04   .455E-02   3.04   2.97 M032para_result.txt
ECLB    11.387   69.500     .572E-03  107.23  161.74   54.50   2.03   5.30    .706   .358   .837E-04   .318E-02   1.87   2.64 M032para_result.txt
FULB    83.641   32.230     .770E-04  111.45  200.80   89.35    .94    .89    .870  1.763   .127E-04   .117E-02   2.89   3.32 M032para_result.txt
TWGB    36.497   38.593     .329E-03   52.42  185.70  133.29   1.00    .88    .778  2.471   .730E-04   .573E-02   2.73   3.51 M032para_result.txt
MASB    23.846  283.981     .250E-03   96.90  172.43   75.53   1.55   1.77    .767  2.995   .140E-04   .329E-02   2.28   2.97 M032para_result.txt
SCZB    51.765  195.075     .618E-03   87.79  136.82   49.03   1.12    .83   1.106  3.245   .117E-03   .261E-02   2.98   2.69 M033para_result.txt
TWMB    33.681  269.969     .235E-03  107.11  154.11   47.00    .70    .50   1.037  1.422   .716E-04   .118E-02   2.69   2.59 M033para_result.txt
ECLB    32.545  140.183     .324E-03   93.58  141.38   47.79   1.14    .85    .883   .622   .693E-04   .177E-02   2.30   2.60 M033para_result.txt
SLBB   231.760   22.496     .711E-03  145.48  192.38   46.90   2.87   9.37   1.245 -1.323   .796E-05   .279E-02   4.09   3.28 M033para_result.txt
FULB    68.866   52.638     .567E-04  110.69  163.24   52.56    .47    .06    .962  1.785   .183E-04   .367E-03   2.71   2.81 M033para_result.txt
TWGB    32.926   90.786     .292E-03   96.07  147.46   51.39    .54    .08    .903  2.278   .970E-04   .158E-02   2.41   2.67 M033para_result.txt
YULB    83.787   41.004     .201E-04  122.42  166.43   44.01    .48   -.17    .890  1.409   .115E-04  -.112E-03   2.41   2.71 M033para_result.txt
MASB    26.619  209.154     .172E-03   82.73  150.04   67.30   1.33   1.16    .657  2.403   .663E-05   .219E-02   1.89   2.88 M033para_result.txt
ALSB    23.696   29.497     .775E-03  104.73  172.06   67.32   2.42   7.53    .850   .236   .189E-03  -.172E-02   2.44   2.87 M034para_result.txt
SGSB    28.955  202.520     .370E-03  103.40  122.11   18.70    .68    .06   1.298  1.388   .137E-03   .230E-03   2.30   1.78 M034para_result.txt
WGKB    42.219  341.896     .309E-03  114.80  133.93   19.12    .53   -.20   1.484   .358   .166E-03  -.192E-03   2.73   1.84 M034para_result.txt
ELDB    36.553  114.063     .135E-03  100.90  132.95   32.05    .88    .41    .932  1.661   .322E-04   .480E-03   2.11   2.27 M034para_result.txt
SLBB   184.935   30.815     .424E-03   57.39   82.44   25.05   1.20    .40   1.578 -1.860   .218E-04   .196E-02   4.06   2.57 M034para_result.txt
DPDB    82.085   16.359     .384E-04  116.29  233.49  117.20    .83    .85    .783  -.756   .970E-05   .651E-03   2.78   3.56 M034para_result.txt
FULB    62.358  102.524     .866E-04  111.79  151.92   40.13   1.01    .38    .975  1.961   .440E-04  -.487E-03   2.49   2.56 M034para_result.txt
TWGB    68.103  144.982     .213E-03  109.84  146.61   36.77    .97    .40   1.123  2.451   .399E-04   .130E-02   2.81   2.50 M034para_result.txt
TPUB     7.483  251.470     .363E-03  100.73  135.16   34.42   1.76   3.28    .720  1.279   .197E-03  -.415E-02   1.61   2.23 M034para_result.txt
SSLB    57.722   26.744     .553E-04  111.94  135.10   23.15    .92   1.50    .914   .295   .211E-04  -.798E-04   1.88   2.06 M034para_result.txt
ANPB   222.591   21.823     .201E-03  160.07  271.44  111.37    .65    .49    .992 -1.620   .348E-04   .323E-02   3.97   4.00 M034para_result.txt
HGSD    76.406   75.592     .380E-03  110.30  148.08   37.78    .64    .31   1.269  2.125   .115E-03   .145E-02   3.24   2.55 M034para_result.txt
MASB    78.883  184.947     .287E-04   34.22   66.90   32.68   1.34   2.57   1.032  1.786   .507E-05   .127E-03   2.51   2.43 M034para_result.txt
NNSB   140.877   29.472     .393E-04  141.12  164.00   22.88   1.12   1.03   1.226   .036   .923E-05   .942E-04   2.87   2.34 M034para_result.txt
ALSB    16.072  295.000     .846E-03   66.11  113.33   47.21   1.05   1.53   1.071  3.134   .177E-03   .641E-02   2.71   2.53 M035para_result.txt
CHKH    57.542  132.130     .510E-04   83.11  123.33   40.21    .77    .53   1.048  1.260   .183E-04   .114E-03   2.66   2.54 M035para_result.txt
ESLB    63.889   50.705     .391E-04   80.11  127.33   47.21    .62    .22    .846  -.167   .858E-05   .342E-03   2.29   2.70 M035para_result.txt
WGKB    47.326  303.819     .372E-03   68.11  120.33   52.21   1.10   1.95   1.159   .552   .931E-04   .211E-02   3.17   2.73 M035para_result.txt
TAIH    86.379  238.536     .104E-03   98.11  147.33   49.21    .48   -.11   1.155  1.391   .310E-04   .546E-03   3.25   2.82 M035para_result.txt
TWMB    87.657  217.939     .158E-03   98.11  147.33   49.21    .74    .31   1.198  1.928   .422E-04   .144E-02   3.38   2.82 M035para_result.txt
ELDB    29.634  166.177     .302E-03   58.11  104.33   46.21    .86    .24   1.090  2.347   .436E-04   .254E-02   2.79   2.56 M035para_result.txt
SLBB   160.333   25.391     .308E-04  107.11  160.33   53.21    .60    .33   1.041  1.415   .790E-05   .229E-03   3.27   3.14 M035para_result.txt
NANB   135.360   36.482     .187E-04   97.11  160.33   63.21    .61    .21    .858   .882   .637E-05   .114E-03   2.75   3.21 M035para_result.txt
DPDB    64.979  357.345     .417E-04   87.11  130.33   43.21    .78    .54    .993   .236   .848E-05   .361E-03   2.61   2.63 M035para_result.txt
FULB    44.146  128.434     .192E-03   67.11  120.33   53.21   1.14    .99   1.048  3.182   .193E-04   .227E-02   2.87   2.74 M035para_result.txt
TIPB   190.497   27.448     .204E-04  107.11  160.33   53.21    .58   -.03    .998  2.235   .434E-05   .211E-03   3.24   3.25 M035para_result.txt
NACB   103.456   38.829     .206E-04  107.11  160.33   53.21    .38   -.14    .827   .839   .127E-04  -.206E-03   2.44   2.94 M035para_result.txt
TWGB    70.806  169.657     .259E-03   73.11  125.33   52.21   1.21   2.04   1.121  2.713   .632E-04   .101E-02   3.15   2.81 M035para_result.txt
TPUB    37.084  244.136     .131E-03   63.11  110.33   47.21   1.08   2.09    .981  1.007   .377E-04   .217E-03   2.56   2.61 M035para_result.txt
SSLB    37.690  359.690     .422E-04   70.11  115.33   45.21    .59    .04    .799   .402   .148E-04   .168E-03   2.05   2.57 M035para_result.txt
CHGB    71.417   18.076     .101E-03   72.11  120.33   48.21    .79   -.10   1.016  2.845   .212E-04   .801E-03   2.79   2.75 M035para_result.txt
HGSD    48.034   83.942     .783E-03   92.11  135.33   43.21    .62   -.20   1.268  3.086   .232E-03   .327E-02   3.26   2.57 M035para_result.txt
YULB    35.360   99.773     .631E-04   62.11  110.33   48.21    .83    .55    .806  2.425   .407E-05   .840E-03   2.11   2.62 M035para_result.txt
MASB    98.177  199.771     .215E-04   82.11  140.33   58.21    .82   1.45    .864  1.413   .571E-05   .837E-04   2.60   3.00 M035para_result.txt
YHNB   141.912   17.410     .305E-04   90.11  143.33   53.21    .64    .58    .946  1.982   .748E-05   .219E-03   2.91   3.08 M035para_result.txt
NNSB   117.002   21.700     .322E-04   90.11  140.33   50.21   1.18   2.02    .936  -.753   .600E-05   .204E-03   2.75   2.94 M035para_result.txt
ALSB    21.911  331.720     .120E-02  115.32  215.09   99.77   1.81   3.97    .902  2.359   .132E-03   .159E-01   2.89   3.20 M036para_result.txt
CHKH    53.640  119.092     .917E-04  125.32  205.09   79.77   1.24   1.51    .834  1.077   .138E-04   .107E-02   2.60   3.12 M036para_result.txt
ESLB    75.381   45.341     .591E-04  132.32  198.09   65.77    .94    .45    .805   .397   .139E-04   .550E-03   2.44   3.03 M036para_result.txt
WGKB    52.374  317.862     .599E-03  146.32  214.09   67.77   1.27   1.33   1.091   .997   .106E-03   .526E-02   3.25   2.98 M036para_result.txt
TWMB    75.345  221.258     .326E-03  153.32  216.09   62.77   1.38   1.67   1.095  2.045   .361E-04   .423E-02   3.27   2.99 M036para_result.txt
ELDB    19.792  145.270     .756E-03  114.32  177.09   62.77   2.84  10.35    .912  2.810   .384E-04   .511E-02   2.55   2.79 M036para_result.txt
SLBB   173.436   24.854     .762E-04  175.32  242.09   66.77   2.05   5.50    .985  1.417   .142E-04   .236E-03   3.34   3.39 M036para_result.txt
NANB   147.964   34.891     .272E-04  165.32  218.09   52.77    .47   -.52    .910  1.143   .726E-05   .215E-03   2.81   3.09 M036para_result.txt
DPDB    77.425     .858     .645E-04  135.32  220.09   84.77   1.38   1.94    .852   .615   .925E-05   .782E-03   2.78   3.26 M036para_result.txt
FULB    41.548  111.052     .350E-03  120.32  210.09   89.77   1.82   3.65    .887  2.204   .192E-04   .517E-02   2.82   3.18 M036para_result.txt
TIPB   203.538   26.856     .530E-04  178.32  235.09   56.77   1.98   4.91    .985  2.116   .438E-05   .551E-03   3.30   3.35 M036para_result.txt
NACB   115.917   36.550     .299E-04  159.32  215.09   55.77    .52    .21    .828  1.090   .817E-05   .212E-03   2.51   3.03 M036para_result.txt
TWGB    59.596  163.508     .342E-03  135.32  207.09   71.77   1.32   1.36    .983  2.425   .509E-04   .377E-02   3.00   3.05 M036para_result.txt
TPUB    29.408  262.813     .335E-03  125.32  180.59   55.27   1.49   2.36    .884  1.603   .434E-04   .190E-02   2.40   2.72 M036para_result.txt
SSLB    50.354    4.525     .643E-04  133.32  195.09   61.77    .84    .48    .786   .834   .172E-04   .437E-03   2.27   2.89 M036para_result.txt
CHGB    84.607   18.130     .156E-03  145.32  214.69   69.37    .94    .21    .942  2.653   .332E-04   .195E-02   2.93   3.11 M036para_result.txt
HGSD    54.849   71.295     .118E-02  127.62  205.09   77.47   1.33   2.10   1.086  3.090   .895E-04   .181E-01   3.37   3.10 M036para_result.txt
YULB    39.576   80.524     .142E-03  117.70  202.09   84.39   2.08   4.73    .702  2.502   .696E-05   .163E-02   2.19   3.12 M036para_result.txt
MASB    84.990  199.949     .282E-04  155.32  205.09   49.77    .95    .72    .889  1.617   .720E-05   .261E-03   2.51   2.82 M036para_result.txt
YHNB   155.100   17.489     .557E-04  157.13  222.09   64.96    .64   -.45    .903  2.146   .844E-05   .729E-03   2.98   3.30 M036para_result.txt
NNSB   130.174   21.362     .468E-04  155.32  215.09   59.77   1.29   1.39    .900  -.131   .664E-05   .458E-03   2.83   3.14 M036para_result.txt
SGSB    43.043  204.948     .342E-03   47.40   56.55    9.16    .65   -.45   1.985  1.051   .925E-04   .584E-03   2.39   1.20 M037para_result.txt
SCZB   118.484  186.976     .923E-04   50.54   63.60   13.06    .46    .07   1.721  2.158   .274E-04   .160E-03   3.06   1.78 M037para_result.txt
TWMB    75.978  207.095     .444E-03   51.83   70.89   19.06   1.68   4.94   1.611  2.708   .480E-04   .142E-02   3.15   1.96 M037para_result.txt
FULB    59.696  115.645     .116E-03   49.48   77.06   27.58   2.09   6.17   1.072  2.680   .162E-04   .272E-03   2.38   2.22 M037para_result.txt
TWGB    75.224  154.823     .701E-03   43.87   64.72   20.85   2.42   7.56   1.532  1.253   .124E-03   .132E-03   3.11   2.03 M037para_result.txt
HGSD    67.292   84.292     .642E-03   53.74   87.49   33.74   1.39   1.71   1.283  2.687   .118E-03   .260E-02   3.11   2.42 M037para_result.txt
YULB    54.233   94.648     .175E-04   58.71   79.20   20.50   1.20   1.06    .955  1.406   .490E-05   .280E-04   1.86   1.94 M037para_result.txt
MASB    91.926  188.692     .139E-03   48.15   56.25    8.10   2.07   5.22   2.049  1.838   .260E-04   .463E-04   2.60   1.27 M037para_result.txt
ALSB    38.517  338.761     .203E-03  121.50  163.54   42.04    .70   -.49    .891  2.353   .444E-04   .139E-02   2.24   2.51 M038para_result.txt
WGKB    67.622  325.082     .260E-03  236.51  253.49   16.98   1.29   1.77   1.953 -2.387   .519E-04   .425E-03   3.57   1.83 M038para_result.txt
ELDB     7.702   87.514     .160E-03  117.37  144.41   27.04    .49   -.10    .559  1.857   .446E-04   .425E-03   1.13   2.02 M038para_result.txt
FULB    35.234   87.286     .116E-03  125.39  160.36   34.97    .58   -.25    .869  2.749   .303E-04   .473E-03   2.03   2.34 M038para_result.txt
TWGB    42.680  161.804     .177E-03  119.79  156.61   36.82    .61   -.12   1.011  2.554   .412E-04   .119E-02   2.44   2.41 M038para_result.txt
TPUB    35.215  291.542     .102E-03  116.33  163.78   47.45   1.04   1.53    .724  1.043   .270E-04   .439E-03   1.89   2.61 M038para_result.txt
HGSD    59.235   54.759     .522E-03  128.52  165.27   36.75    .62    .08   1.199  2.570   .736E-04   .471E-02   2.96   2.47 M038para_result.txt
YULB    42.326   56.909     .171E-04  126.30  169.12   42.82    .48   -.44    .636  1.656   .790E-05  -.328E-04   1.62   2.54 M038para_result.txt
ALSB    40.436  359.176     .948E-03   87.57  119.46   31.90   1.44   1.32   1.250  3.261   .664E-04   .550E-02   2.85   2.28 M040para_result.txt
SGSB    24.381  253.508     .644E-03  101.22  127.38   26.15   1.32   1.04   1.151  1.950   .577E-04   .315E-02   2.36   2.05 M040para_result.txt
ESLB    97.566   40.525     .556E-04  105.71  199.69   93.99   1.76   4.50    .707   .647   .834E-05   .565E-03   2.42   3.42 M040para_result.txt
WGKB    65.097  337.079     .492E-03  101.35  135.40   34.04    .99    .68   1.276  2.196   .178E-03  -.589E-03   3.09   2.42 M040para_result.txt
TAIH    60.745  259.084     .171E-03  106.78  135.40   28.62    .79    .22   1.285  1.603   .472E-04   .498E-03   2.90   2.26 M040para_result.txt
TWMB    53.379  228.271     .337E-03   94.94  175.23   80.28   1.63   2.03    .899  2.614   .503E-04   .281E-02   2.81   3.13 M040para_result.txt
ELDB    21.656   76.964     .310E-03   80.20  118.92   38.72   2.07   4.76    .852  2.442   .246E-04   .129E-02   2.03   2.38 M040para_result.txt
SLBB   196.745   24.826     .437E-04  136.16  169.68   33.51    .99    .28   1.136  1.753   .620E-05   .320E-03   3.26   2.87 M040para_result.txt
NANB   170.969   33.502     .266E-04  132.47  159.56   27.09   1.22   2.53   1.088  1.056   .773E-05   .307E-04   2.82   2.59 M040para_result.txt
DPDB    99.163    6.322     .521E-04  108.85  161.94   53.09   1.38   1.22    .917  1.093   .115E-04   .260E-03   2.68   2.93 M040para_result.txt
FULB    48.997   82.679     .358E-03   87.86  147.27   59.41   3.64  20.76    .838  3.976   .122E-04   .158E-02   2.39   2.85 M040para_result.txt
TIPB   226.835   26.621     .286E-04  145.04  175.14   30.10    .86    .92   1.161  2.435   .656E-05   .903E-04   3.35   2.88 M040para_result.txt
NACB   138.828   34.575     .215E-04  120.77  135.97   15.20    .22   -.20   1.280   .936   .969E-05   .146E-04   2.53   1.98 M040para_result.txt
TWGB    44.853  143.360     .480E-03   58.72  118.19   59.47   1.75   2.79    .949  3.315   .102E-03   .151E-03   2.69   2.84 M040para_result.txt
TPUB    26.062  312.017     .661E-03   85.16  112.47   27.32   2.14   6.74   1.120  2.802   .582E-04   .191E-02   2.35   2.09 M040para_result.txt
SSLB    72.656   10.910     .481E-04   99.64  158.17   58.52    .97    .72    .720   .558   .925E-05   .453E-03   2.10   2.92 M040para_result.txt
CHGB   107.787   19.560     .116E-03  110.11  152.93   42.83   1.11    .76   1.025  2.833   .238E-04   .746E-03   2.84   2.77 M040para_result.txt
HGSD    72.912   57.880     .958E-03   96.21  128.17   31.96   1.01    .45   1.370  3.177   .808E-04   .735E-02   3.28   2.39 M040para_result.txt
YULB    56.144   60.456     .432E-04   90.21  137.76   47.55   1.39   2.10    .710  2.154   .420E-05   .363E-03   1.90   2.68 M040para_result.txt
MASB    61.803  198.033     .241E-04   97.77  159.85   62.08   1.40   2.25    .746  1.742   .573E-05   .632E-04   2.19   2.93 M040para_result.txt
YHNB   178.238   18.422     .333E-04  112.08  159.99   47.90   1.10   1.45    .935  2.153   .550E-05   .298E-03   2.91   3.11 M040para_result.txt
NNSB   153.444   21.866     .425E-04  127.79  154.43   26.64   1.54   1.44   1.109  -.216   .142E-04  -.297E-04   2.79   2.52 M040para_result.txt
