20100304001757.00
 -12345.0000 -12345.0000 -12345.0000
SIN
     23.5103    120.8052 -12345.0000
BLZ
       320
  0.00   1.65377553
  1.00   2.23853262
  2.00  -0.77276759
  3.00  -0.18242463
  4.00  -1.76894159
  5.00  -1.45431190
  6.00  -0.91808511
  7.00   1.90933905
  8.00   2.09049247
  9.00  -0.83175920
 10.00  -0.62856332
 11.00  -1.66948976
 12.00  -1.47570778
 13.00  -1.74266566
 14.00  -0.31815886
 15.00   1.72091203
 16.00   1.68056567
 17.00   1.58605111
 18.00   0.44290601
 19.00  -0.62632466
 20.00  -1.29519701
 21.00   0.32411249
 22.00   0.34397789
 23.00   2.61648340
 24.00   1.04270172
 25.00   1.02428644
 26.00   0.59814009
 27.00  -0.55048456
 28.00   0.15900678
 29.00  -0.32453810
 30.00   0.11261361
 31.00  -1.00956758
 32.00   2.66579132
 33.00   1.28145518
 34.00  -0.06532049
 35.00  -0.41581522
 36.00  -1.25654434
 37.00   0.50333348
 38.00   0.85632387
 39.00   0.26021913
 40.00   2.09837107
 41.00   0.35599932
 42.00   0.36143460
 43.00   0.07858911
 44.00   1.04225545
 45.00  -1.65190435
 46.00  -0.55370016
 47.00   0.50959612
 48.00   0.89376000
 49.00   2.21788237
 50.00  -1.85086539
 51.00  -0.88676759
 52.00  -1.91028073
 53.00  -2.75001189
 54.00   0.78470569
 55.00   0.85087324
 56.00   2.14039123
 57.00   0.41876613
 58.00   1.33510274
 59.00  -1.34985394
 60.00  -1.12805587
 61.00  -1.53107549
 62.00  -1.04902549
 63.00   0.76700317
 64.00   2.48438729
 65.00   0.15292067
 66.00   0.72066688
 67.00  -1.94943623
 68.00  -0.88774548
 69.00   0.12829714
 70.00   0.37135915
 71.00   0.25551302
 72.00   0.88235951
 73.00  -0.76603486
 74.00  -0.90692215
 75.00  -0.26641937
 76.00  -1.98172709
 77.00  -1.08661439
 78.00  -0.08380947
 79.00   0.85305287
 80.00   1.86775148
 81.00  -0.74160704
 82.00  -1.29902719
 83.00  -3.75146638
 84.00  -0.78938381
 85.00  -2.75492078
 86.00  -0.45784179
 87.00   0.63901887
 88.00   1.25898854
 89.00   1.93641169
 90.00  -1.42762732
 91.00  -1.05004234
 92.00  -0.34132733
 93.00  -2.62067556
 94.00  -0.53207758
 95.00   1.72391396
 96.00   1.16955565
 97.00   1.43289865
 98.00   1.94638129
 99.00   0.45027449
100.00   0.19007379
101.00   0.50733303
102.00   0.12029840
103.00   0.19726999
104.00   1.15296675
105.00   0.69526777
106.00  -0.88657590
107.00  -0.61126197
108.00  -2.03147986
109.00   0.94227108
110.00  -2.74121031
111.00   1.10726422
112.00   0.98540366
113.00   0.79724759
114.00  -0.06802717
115.00   0.37278951
116.00   0.01801077
117.00  -0.68765746
118.00  -1.42783684
119.00   1.26122664
120.00  -0.19988226
121.00  -0.48224003
122.00   0.01198843
123.00  -0.94419573
124.00   0.27489934
125.00  -1.47492169
126.00  -0.61515238
127.00   1.49974200
128.00   1.51618468
129.00   1.18668956
130.00   0.21201872
131.00  -0.54634544
132.00   0.67409529
133.00  -1.03827076
134.00  -0.22310309
135.00   1.14036506
136.00  -0.15788462
137.00  -1.15876238
138.00  -1.73433085
139.00  -0.45761616
140.00  -0.67077062
141.00   0.26352547
142.00  -0.39732485
143.00   0.84041627
144.00  -0.05949783
145.00  -0.85128654
146.00  -1.19438074
147.00  -1.33299976
148.00   0.34596625
149.00  -0.98158747
150.00  -1.34333818
151.00   0.25850959
152.00   1.78370085
153.00   0.51469648
154.00   0.56303867
155.00  -1.18777397
156.00  -0.85119472
157.00  -1.30197040
158.00   1.11679878
159.00   0.90460577
160.00   1.34410574
161.00   0.98027019
162.00   1.06943253
163.00  -3.12099338
164.00  -0.76199056
165.00   0.25949856
166.00   0.38371073
167.00   0.89295775
168.00   2.14400572
169.00   2.04397314
170.00  -0.31502668
171.00  -0.50332976
172.00   0.11110517
173.00   0.81430301
174.00   1.83860616
175.00   1.47746205
176.00   1.43457500
177.00   0.75050749
178.00  -0.66329852
179.00  -0.97453557
180.00  -0.35491458
181.00  -1.43351147
182.00  -0.88642164
183.00   2.02446914
184.00   0.78211773
185.00   0.94801406
186.00  -0.90368950
187.00   0.55116206
188.00  -1.14316502
189.00  -1.07654996
190.00  -0.55051360
191.00   0.80034853
192.00   2.24684299
193.00   0.20984133
194.00   0.89265480
195.00  -0.69167788
196.00  -0.10216910
197.00  -1.68434475
198.00   0.35656968
199.00   1.59851658
200.00   1.05232090
201.00   0.73946927
202.00   0.25701146
203.00  -0.80513876
204.00  -1.65904223
205.00  -0.05857873
206.00   0.75600823
207.00   0.77330243
208.00   1.11402048
209.00   0.01608209
210.00   1.71323419
211.00  -2.02573264
212.00   0.30181327
213.00  -1.02362445
214.00  -1.53184416
215.00   0.62462420
216.00   1.49578145
217.00   1.60891849
218.00  -0.76333369
219.00  -0.17193279
220.00   0.14992887
221.00   0.02763138
222.00  -0.47469861
223.00   0.48143148
224.00   1.69021242
225.00   0.52001891
226.00   0.09572204
227.00  -2.17752280
228.00  -0.37080179
229.00   0.44750045
230.00   1.09715491
231.00   0.16553135
232.00   1.19345615
233.00   0.60984259
234.00  -1.28058655
235.00  -2.01710468
236.00  -0.30719414
237.00  -0.21299717
238.00  -0.69409242
239.00   2.53800542
240.00   2.49722893
241.00   0.63432918
242.00   0.59946610
243.00  -0.35400750
244.00  -1.69383619
245.00  -0.36068450
246.00   0.36202136
247.00   0.95408770
248.00   1.98448402
249.00   1.43153171
250.00  -0.43456399
251.00   0.51977373
252.00  -0.86299311
253.00  -0.52933541
254.00  -0.97338611
255.00   0.47525893
256.00   2.11513836
257.00  -0.12360519
258.00   0.08092242
259.00  -0.97182971
260.00  -0.63968409
261.00  -1.36468493
262.00  -0.13783078
263.00   0.41031264
264.00   1.18304248
265.00   0.33839086
266.00  -0.99152876
267.00   0.23879425
268.00  -1.11632770
269.00  -0.37949125
270.00   0.98362028
271.00   0.57151100
272.00   0.55940808
273.00   0.05641341
274.00   1.83731363
275.00   0.20487727
276.00   0.89057186
277.00   0.72631099
278.00  -1.60060558
279.00  -1.01903622
280.00   0.50213753
281.00  -0.80484726
282.00  -0.28871870
283.00  -0.46611989
284.00  -0.35365330
285.00   0.04522633
286.00  -0.64026381
287.00  -1.55531726
288.00   0.66443979
289.00  -0.77530231
290.00   0.13400935
291.00  -1.29811114
292.00  -1.62952731
293.00  -1.70774274
294.00  -0.39626784
295.00   0.00381272
296.00  -0.00839872
297.00   1.06329492
298.00  -0.04715479
299.00   0.31526760
300.00  -1.40558281
301.00  -0.26531556
302.00  -0.05605206
303.00   1.36777230
304.00   1.96089374
305.00  -0.33124273
306.00  -1.59278742
307.00  -1.92962684
308.00   0.94223216
309.00   0.67517016
310.00   0.27399147
311.00   1.49186177
312.00   0.50513650
313.00  -0.35284829
314.00   0.97585278
315.00   0.71182831
316.00  -1.43261299
317.00  -0.03522645
318.00   1.11869864
319.00   0.39801638
