StaID  EPI(km) AZI(degree) PGV(cm/s) T1(sec) T2(sec)  SD(sec) SK     KT    M_ratio  LFHF    A0       AE      ML  MD             txtfile
SGSB    41.073  336.132    0.522E-03   90.58  126.13   35.55   0.88   0.43   1.128  0.488  0.181E-03  0.550E-03   2.68   2.38  M02para_result.txt
ESLB   137.849   30.576    0.572E-04  114.55  178.92   64.36   0.97   1.09   0.947 -0.586  0.168E-04  0.156E-03   3.06   3.23  M02para_result.txt
SCZB    42.983  197.388    0.364E-03   87.14  125.27   38.13   0.97   0.41   1.098  2.062  0.687E-04  0.249E-02   2.68   2.44  M02para_result.txt
TWMB    34.254  285.138    0.102E-02   93.39  139.51   46.12   0.62   0.04   1.167  1.509  0.158E-03  0.994E-02   3.01   2.58  M02para_result.txt
WLCB    58.828  222.192    0.424E-02  181.15  191.05    9.90   0.38  -0.44   2.818  3.400  0.203E-02 -0.456E-02   3.74   1.33  M02para_result.txt
ECLB    26.784  126.766    0.141E-02  122.65  146.14   23.49   1.01   1.33   1.348 -0.290  0.303E-03  0.303E-02   2.65   1.97  M02para_result.txt
DPDB   144.140    7.026    0.162E-03  109.61  155.90   46.28   1.64   4.17   1.157 -0.230  0.120E-04  0.393E-03   3.43   2.97  M02para_result.txt
FULB    75.100   47.479    0.461E-03  111.98  150.45   38.47   0.36  -0.39   1.219  1.639  0.447E-04  0.309E-03   3.13   2.56  M02para_result.txt
TWGB    34.603   75.756    0.114E-02   90.18  135.13   44.95   0.84   0.51   1.085  3.284  0.321E-03  0.356E-02   2.77   2.56  M02para_result.txt
TWKB    88.787  176.033    0.244E-02   38.09  121.52   83.44   0.58   0.34   1.164  3.158  0.701E-03  0.139E-01   3.82   3.28  M02para_result.txt
SSLB   117.637   10.024    0.101E-03  106.61  164.33   57.72   0.80   0.52   0.925  0.474  0.112E-04  0.505E-03   2.83   3.06  M02para_result.txt
CHGB   152.216   16.330    0.210E-03  108.05  178.55   70.51   1.01   0.74   1.014  2.661  0.311E-04  0.261E-02   3.41   3.36  M02para_result.txt
HGSD   107.832   39.433    0.964E-03  113.79  168.87   55.08   0.77  -0.04   1.298  1.813  0.199E-03  0.533E-02   3.88   2.99  M02para_result.txt
YULB    91.118   37.594    0.805E-04  106.07  160.68   54.61   0.96   0.82   0.926  1.652  0.445E-05  0.330E-03   2.71   2.92  M02para_result.txt
MASB    18.882  220.851    0.110E-02   82.74  112.09   29.35   0.90   0.29   1.163  2.837  0.222E-03  0.564E-02   2.48   2.13  M02para_result.txt
YHNB   222.720   16.433    0.121E-03  123.05  147.73   24.68   0.49  -0.31   1.311  1.679  0.109E-04  0.953E-04   3.53   2.69  M02para_result.txt
SCZB    22.588  238.847    0.496E-03   98.44  139.83   41.39   1.24   1.80   0.970  2.191  0.648E-04  0.356E-02   2.37   2.44  M04para_result.txt
MASB    24.102  308.645    0.117E-03  111.95  149.87   37.93   0.68  -0.06   0.839  1.990  0.197E-04  0.329E-03   1.99   2.37  M04para_result.txt
ALSB    49.007  349.475    0.918E-03  135.18  158.77   23.59   0.87  -0.18   1.550  0.856  0.282E-03  0.523E-03   3.17   2.05  M05para_result.txt
SGSB    31.786  271.517    0.720E-03  119.09  156.08   37.00   0.90   0.59   1.129  0.756  0.259E-03  0.135E-02   2.68   2.38  M05para_result.txt
FULB    42.564   70.845    0.122E-03  137.59  182.66   45.08   0.62   0.17   0.956  1.034  0.239E-04  0.116E-02   2.47   2.59  M05para_result.txt
TPUB    37.485  312.253    0.620E-03  123.55  156.51   32.96   0.59  -0.01   1.207  0.121  0.125E-03  0.890E-03   2.77   2.30  M05para_result.txt
SCZB    35.091  216.293    0.689E-03  111.79  166.55   54.77   1.05   0.71   0.992  2.414  0.107E-03  0.572E-02   2.71   2.73  M06para_result.txt
NANB   220.469   25.025    0.140E-03  127.14  163.48   36.34   1.87   2.99   1.171  1.671  0.253E-04  0.229E-03   3.54   3.02  M06para_result.txt
MASB    20.322  265.634    0.278E-03   99.50  167.32   67.82   0.84   0.62   0.728  2.652  0.493E-04  0.228E-02   2.08   2.86  M06para_result.txt
TWMB    46.354  297.901    0.852E-03  131.75  181.65   49.90   0.51  -0.14   1.118  0.868  0.140E-03  0.570E-03   3.00   2.69  M06para_result.txt
SCZB    14.080  260.206    0.279E-03  105.87  134.25   28.38   0.65  -0.26   0.920  1.383  0.665E-04 -0.129E-03   1.92   2.09  M08para_result.txt
ANPB   318.794   13.850    0.319E-03  174.23  217.66   43.43   1.14   1.38   1.252  1.690  0.341E-04  0.241E-02   4.41   3.52  M08para_result.txt
TWMB    42.000  302.493    0.102E-02   10.02   63.27   53.25   1.17   1.39   1.096  1.074  0.143E-04  0.969E-02   2.99   2.73  M10para_result.txt
ALSB     9.041   85.559    0.108E-02   77.18   94.89   17.70   0.55  -0.52   1.313  2.239  0.376E-03  0.154E-02   2.18   1.66  M11para_result.txt
SGSB    48.652  196.419    0.664E-03   65.90   95.55   29.65   1.00   1.61   1.315  0.686  0.198E-03  0.193E-02   2.95   2.24  M11para_result.txt
FULB    67.143  119.886    0.189E-03   76.52  111.48   34.96   1.17   1.07   1.152  1.506  0.289E-04  0.646E-03   2.83   2.45  M11para_result.txt
TPUB    24.339  203.622    0.569E-03   76.08   92.67   16.60   0.66  -0.84   1.580  0.725  0.205E-03  0.639E-03   2.61   1.66  M11para_result.txt
YULB    59.669  101.617    0.404E-04   89.13  118.56   29.43   0.90   0.75   1.034  0.861  0.121E-04  0.547E-04   2.35   2.28  M11para_result.txt
TPUB    93.244  231.461    0.462E-03  100.06  128.21   28.15   0.87  -0.14   1.451  0.497  0.833E-04  0.292E-02   3.42   2.36  M12para_result.txt
SGSB    11.514  215.504    0.618E-02   97.28  159.49   62.20   0.82   0.40   1.085  2.463  0.178E-02  0.194E-01   2.99   2.76  M14para_result.txt
ESLB   107.498   48.088    0.120E-03  124.90  175.00   50.10   0.80   0.26   1.005 -0.343  0.329E-04  0.784E-03   2.92   2.91  M14para_result.txt
WGKB    58.163  351.361    0.114E-02  122.62  178.88   56.26   1.00   1.73   1.236  0.518  0.258E-03  0.742E-02   3.50   2.83  M14para_result.txt
SCZB    87.997  181.864    0.157E-03  136.60  184.81   48.21   0.38  -0.19   1.127  1.280  0.625E-04  0.101E-03   3.16   2.80  M14para_result.txt
TAIH    45.172  251.952    0.647E-03  115.35  190.76   75.40   0.84  -0.10   1.066  2.408  0.748E-04  0.121E-01   3.24   3.04  M14para_result.txt
NANB   178.790   38.333    0.106E-03  145.75  209.11   63.36   0.33  -0.43   0.981  1.160  0.205E-04 -0.180E-05   3.30   3.36  M14para_result.txt
DPDB   100.000   15.957    0.583E-03  120.83  193.61   72.77   0.54   0.31   1.078  1.232  0.367E-04  0.131E-02   3.45   3.20  M14para_result.txt
WLGB    50.219  313.635    0.124E-02  118.66  197.20   78.53   0.42  -0.47   1.172  2.660  0.426E-03  0.143E-01   3.63   3.10  M14para_result.txt
FULB    65.388   86.605    0.299E-03  116.52  173.98   57.46   0.97   1.03   1.015  2.393  0.776E-04  0.181E-02   2.92   2.88  M14para_result.txt
TIPB   232.675   30.501    0.157E-03  178.04  201.55   23.51   0.11  -0.86   1.395  1.408  0.229E-04  0.994E-05   3.75   2.69  M14para_result.txt
TWGB    58.009  131.432    0.884E-03  113.35  179.52   66.17   0.93   1.05   1.054  3.231  0.295E-03  0.821E-03   3.14   2.97  M14para_result.txt
TPUB    15.238  349.799    0.169E-02   97.27  163.44   66.17   1.07   1.35   0.910  1.183  0.173E-03  0.232E-01   2.57   2.82  M14para_result.txt
SSLB    75.320   23.767    0.135E-03  126.06  160.04   33.98   0.33  -0.56   1.084  0.532  0.459E-04  0.635E-03   2.66   2.46  M14para_result.txt
CHGB   112.292   27.964    0.285E-03  119.64  195.51   75.87   0.49  -0.04   1.001  2.596  0.111E-03  0.148E-02   3.29   3.28  M14para_result.txt
HGSD    86.435   65.087    0.294E-02  125.80  173.62   47.82   0.76   0.11   1.398  3.262  0.769E-03  0.138E-01   3.90   2.79  M14para_result.txt
YULB    70.218   68.870    0.753E-04  114.56  182.25   67.69   0.55  -0.33   0.867  2.081  0.175E-04  0.988E-03   2.63   3.04  M14para_result.txt
MASB    61.260  182.230    0.914E-04  111.35  152.57   41.22   0.86   1.13   1.014  1.936  0.198E-04  0.569E-03   2.61   2.57  M14para_result.txt
YHNB   181.949   23.591    0.761E-04  146.08  192.51   46.43   0.39   0.12   1.110  2.076  0.301E-04  0.182E-03   3.44   3.10  M14para_result.txt
TWMB    44.477  211.311    0.183E-02  118.00  176.41   58.40   1.07   1.04   1.162  2.450  0.346E-03  0.134E-01   3.28   2.82  M14para_result.txt
ALSB    23.644   23.213    0.101E-02   48.52   66.24   17.72   0.29  -0.97   1.602  2.286  0.561E-03  0.331E-03   2.74   1.71  M15para_result.txt
SGSB    28.950  207.673    0.628E-03   54.12   73.23   19.10   0.61  -0.48   1.453  1.070  0.317E-03 -0.500E-03   2.61   1.79  M15para_result.txt
WGKB    44.043  339.444    0.116E-02   59.78   85.62   25.84   1.67   3.37   1.504  0.508  0.285E-03  0.258E-02   3.17   2.11  M15para_result.txt
SLBB   184.699   30.022    0.923E-04   56.87   69.62   12.75   0.41  -0.34   1.828  1.154  0.930E-05 -0.122E-04   3.63   1.99  M15para_result.txt
DPDB    82.525   14.585    0.553E-03   62.40  106.76   44.36   0.65   0.45   1.216  0.990  0.233E-04  0.575E-03   3.30   2.71  M15para_result.txt
WLGB    46.851  293.129    0.137E-02   60.27  112.11   51.85   0.73   0.97   1.268  1.770  0.124E-03  0.198E-01   3.45   2.72  M15para_result.txt
FULB    59.826  101.987    0.122E-03   60.80   91.61   30.81   0.36  -0.22   1.178  1.778  0.571E-04  0.174E-03   2.73   2.32  M15para_result.txt
TPUB     9.531  262.344    0.211E-02   45.52   55.92   10.41   0.42  -0.72   2.036  1.851  0.605E-03  0.334E-02   2.44   1.20  M15para_result.txt
YULB    59.441   81.277    0.683E-04   52.83   95.81   42.98   0.46  -0.42   0.872  1.356  0.150E-04  0.145E-03   2.27   2.60  M15para_result.txt
TWMB    61.944  208.846    0.689E-03   61.12  115.59   54.46   1.57   3.04   1.158  0.770  0.361E-04  0.768E-02   3.27   2.82  M15para_result.txt
ALSB    17.792  274.780    0.449E-01   83.37  113.48   30.12   1.22   1.10   1.928  3.804  0.472E-02  0.280E+00   4.14   2.15  M16para_result.txt
WGKB    47.402  296.346    0.159E-02  101.98  134.35   32.37   0.37  -0.17   1.513  1.168  0.387E-03  0.731E-02   3.50   2.32  M16para_result.txt
ELDB    34.313  173.459    0.544E-03  243.51  284.93   41.42   0.76   0.53   1.062  1.461  0.174E-03  0.271E-02   2.64   2.48  M16para_result.txt
EASB   123.979  186.205    0.106E-02  225.81  230.18    4.36   0.56  -0.38   4.468  2.473  0.356E-04  0.170E-02   3.77   0.84  M16para_result.txt
DPDB    59.914  354.098    0.539E-03  109.99  145.20   35.21   0.84   0.68   1.246  1.492  0.396E-04  0.134E-03   3.03   2.43  M16para_result.txt
FULB    45.386  136.208    0.555E-03  251.65  283.55   31.91   0.58  -0.31   1.209  2.620  0.124E-03  0.113E-03   2.78   2.30  M16para_result.txt
TIPB   184.324   27.349    0.723E-04  158.20  173.93   15.73   0.25  -0.48   1.616  1.993  0.212E-04 -0.643E-05   3.50   2.17  M16para_result.txt
TPUB    42.386  239.546    0.874E-03  249.40  280.71   31.32   2.30   8.76   1.271  0.387  0.396E-03 -0.726E-02   2.89   2.27  M16para_result.txt
SSLB    32.551  354.073    0.152E-03  109.10  125.27   16.16   0.88   0.78   1.257  0.676  0.401E-04  0.350E-03   2.09   1.66  M16para_result.txt
HGSD    44.602   90.326    0.166E-02  253.71  284.70   31.00   1.05   0.92   1.424  2.586  0.373E-03  0.815E-02   3.23   2.27  M16para_result.txt
ALSB    32.679  333.129    0.109E-01  122.98  159.01   36.03   0.49  -0.09   1.554  3.245  0.204E-02  0.921E-01   3.66   2.36  M17para_result.txt
CHKH    45.470  110.930    0.138E-03  125.84  165.38   39.55   1.18   2.25   0.989  0.738  0.260E-04  0.494E-03   2.46   2.48  M17para_result.txt
ESLB    79.817   38.091    0.159E-03  138.77  167.67   28.89   2.16   6.62   1.181 -0.601  0.374E-04 -0.398E-04   2.75   2.33  M17para_result.txt
WGKB    62.718  320.938    0.149E-02  140.10  161.95   21.85   0.42  -0.57   1.765  1.114  0.317E-03  0.173E-02   3.58   2.03  M17para_result.txt
ELDB     9.406  133.027    0.544E-03  124.09  152.54   28.45   0.57   0.26   0.916  1.495  0.245E-03  0.506E-03   1.90   2.07  M17para_result.txt
EASB    96.150  186.219    0.106E-02  106.17  110.11    3.94   0.68  -0.42   5.482  2.224  0.220E-03  0.952E-03   3.61   0.66  M17para_result.txt
SLBB   180.708   22.293    0.183E-03  137.04  155.52   18.48   0.96   2.91   1.617  1.685  0.218E-04 -0.210E-03   3.71   2.30  M17para_result.txt
NANB   153.805   31.464    0.876E-04  162.68  193.87   31.20   0.90   0.19   1.208  1.067  0.166E-04  0.104E-03   3.21   2.66  M17para_result.txt
DPDB    87.326  357.891    0.156E-03  147.35  184.37   37.02   1.15   0.64   1.231  1.050  0.391E-04  0.166E-03   3.17   2.57  M17para_result.txt
FULB    34.750   98.414    0.321E-03  134.58  175.04   40.46   0.78  -0.19   0.957  2.545  0.739E-04  0.118E-02   2.36   2.47  M17para_result.txt
TIPB   210.505   24.595    0.115E-03  185.54  204.38   18.83   0.73  -0.78   1.506  1.527  0.250E-04 -0.587E-04   3.64   2.42  M17para_result.txt
TPUB    34.137  280.431    0.874E-03  129.20  150.22   21.02   1.92   5.64   1.442  0.621  0.215E-03 -0.516E-03   2.73   1.89  M17para_result.txt
SSLB    60.048  359.611    0.152E-03  137.04  155.52   18.48   0.96   0.71   1.347  0.647  0.527E-04  0.213E-03   2.52   1.87  M17para_result.txt
HGSD    54.903   60.031    0.166E-02  134.58  175.04   40.46   1.19   1.35   1.339  2.518  0.379E-03  0.773E-02   3.40   2.54  M17para_result.txt
YULB    38.310   64.728    0.136E-03  129.45  160.10   30.65   1.00   1.03   0.979  2.360  0.303E-04  0.363E-03   2.19   2.24  M17para_result.txt
YHNB   163.330   14.996    0.122E-03  151.74  193.22   41.48   1.72   3.82   1.168  1.892  0.193E-04  0.353E-03   3.43   2.94  M17para_result.txt
TWMB    71.515  229.152    0.468E-03  157.55  173.02   15.47   0.61  -0.64   1.904  0.327  0.198E-03 -0.105E-03   3.35   1.76  M17para_result.txt
ALSB    84.530    1.958    0.104E-02   95.43  145.88   50.45   0.77   0.21   1.243  1.678  0.306E-03 -0.125E-02   3.52   2.83  M18para_result.txt
FULB    72.403   45.992    0.333E-03  100.24  118.11   17.86   0.33   0.06   1.576  1.524  0.549E-04  0.220E-03   2.97   1.89  M18para_result.txt
TIPB   268.292   23.059    0.413E-03  185.19  202.43   17.24   0.63   0.94   1.598  1.926  0.175E-04  0.418E-04   4.06   2.54  M18para_result.txt
TPUB    63.508  345.513    0.395E-03   84.75  117.20   32.45   0.80   0.19   1.264  0.317  0.127E-03  0.643E-03   3.00   2.37  M18para_result.txt
YULB    88.793   36.101    0.103E-03   92.70  130.46   37.76   1.42   2.26   1.006  1.662  0.815E-05  0.211E-03   2.61   2.59  M18para_result.txt
EASB    70.897  170.407    0.426E-03  124.44  139.01   14.56   1.46   1.96   1.662  1.555  0.196E-03 -0.139E-02   2.83   1.70  M19para_result.txt
FULB    60.135   69.907    0.414E-03   98.15  113.03   14.88   1.44   2.31   1.620  2.721  0.690E-04  0.772E-03   2.73   1.69  M19para_result.txt
SCZB    13.971  202.435    0.601E-02   89.54  103.12   13.58   1.43   1.10   2.277  2.374  0.162E-02 -0.834E-03   3.29   1.44  M20para_result.txt
TWMB    45.013  325.375    0.905E-03  109.94  154.99   45.06   0.87   1.41   1.167  1.047  0.155E-03  0.921E-04   3.03   2.60  M20para_result.txt
SLBB   269.202   21.045    0.150E-02  146.41  157.60   11.19   1.84   3.89   2.252 -2.545  0.647E-04  0.220E-02   4.89   2.17  M20para_result.txt
YULB   118.500   32.143    0.977E-04  129.68  136.82    7.14   0.21  -1.21   2.267  1.437  0.221E-04 -0.119E-04   2.84   1.25  M20para_result.txt
MASB    14.649  340.666    0.318E-03   90.79  110.37   19.58   0.68  -0.25   1.173  2.229  0.470E-04  0.124E-02   2.07   1.76  M20para_result.txt
ALSB    32.997    7.877    0.177E-02  196.16  214.95   18.79   0.81   0.41   1.749  2.497  0.482E-03  0.478E-02   3.14   1.79  M22para_result.txt
TWMB    55.485  218.721    0.553E-03  183.79  244.41   60.61   0.55   0.01   1.121  0.798  0.178E-03 -0.179E-02   3.24   2.89  M22para_result.txt
FULB    53.733   91.585    0.178E-03  168.65  199.79   31.14   0.98   1.02   1.189  1.438  0.822E-04 -0.422E-03   2.74   2.30  M22para_result.txt
TPUB    17.234  304.218    0.414E-03  164.33  187.69   23.37   0.58   0.19   1.201  0.425  0.207E-03 -0.826E-03   2.32   1.93  M22para_result.txt
YULB    57.524   69.703    0.642E-04  158.44  225.85   67.40   0.47   0.12   0.769  1.572  0.114E-04  0.308E-03   2.30   2.99  M22para_result.txt
MASB    67.976  191.881    0.193E-03  260.13  271.76   11.63   0.42  -0.13   1.831  1.947  0.204E-04  0.177E-03   2.74   1.50  M22para_result.txt
FULB    61.846   67.629    0.167E-03  139.04  170.58   31.54   0.56   0.68   1.158  1.595  0.556E-04 -0.504E-03   2.71   2.34  M23para_result.txt
TPUB    36.336  342.750    0.302E-03  131.74  150.47   18.73   0.31  -0.07   1.381  0.754  0.145E-03 -0.105E-03   2.49   1.80  M23para_result.txt
SCZB    18.101  237.188    0.301E-03  101.57  107.93    6.36   0.31  -0.88   2.603  2.107  0.144E-03  0.732E-04   2.08   0.80  M24para_result.txt
NANB   239.581   24.339    0.124E-03   57.44   66.48    9.04  -0.08  -0.52   1.937  1.229  0.157E-04  0.472E-04   3.64   1.88  M24para_result.txt
TIPB   298.001   20.836    0.139E-03  159.93  177.51   17.58   0.19  -0.76   1.506  2.113  0.160E-04  0.123E-03   4.01   2.66  M24para_result.txt
CHGB   181.836   12.857    0.693E-03   51.98   66.94   14.96   1.23   1.94   1.810  3.652  0.286E-03 -0.494E-03   3.83   2.12  M24para_result.txt
MASB    22.429  319.003    0.127E-03  101.39  114.75   13.36   0.48  -0.16   1.299  1.953  0.368E-04  0.819E-04   1.90   1.46  M24para_result.txt
TWMB    36.048  213.571    0.574E-03  189.84  213.27   23.44   1.18   1.60   1.446  2.164  0.170E-03  0.720E-03   2.89   2.00  M25para_result.txt
SLBB   210.682   29.025    0.584E-03  251.42  260.23    8.81   2.04   4.50   2.296 -1.206  0.698E-04  0.490E-03   4.03   1.76  M25para_result.txt
TPUB    22.971    1.173    0.354E-03  174.10  191.55   17.45   0.54  -0.18   1.353  0.875  0.157E-03  0.684E-05   2.29   1.69  M25para_result.txt
YHNB   190.522   23.494    0.490E-03  221.98  225.57    3.59   1.81   2.77   4.152 -0.034  0.405E-04  0.291E-03   3.77   0.91  M25para_result.txt
TWHB   107.331  130.048    0.373E-03   90.72  102.40   11.68   1.13   0.73   2.013  2.614  0.121E-03  0.349E-03   3.30   1.64  M26para_result.txt
ELDB    37.108  109.811    0.575E-03  130.35  144.02   13.67   0.45   0.95   1.586  1.921  0.208E-03  0.333E-03   2.43   1.53  M26para_result.txt
FULB    63.405  100.167    0.201E-03  140.90  166.78   25.88   0.45  -0.33   1.253  2.642  0.104E-03 -0.350E-03   2.73   2.18  M26para_result.txt
HGSD    78.491   74.221    0.104E-02  136.37  174.42   38.04   0.80   0.88   1.378  2.324  0.265E-03  0.451E-02   3.54   2.57  M26para_result.txt
YULB    63.469   80.708    0.867E-04  130.82  153.89   23.07   1.08   1.97   1.119  2.085  0.164E-04  0.306E-03   2.33   2.08  M26para_result.txt
ELDB    10.371  142.145    0.629E-03   95.91  103.53    7.62   0.24  -0.65   1.963  2.153  0.272E-03  0.543E-03   1.83   0.93  M27para_result.txt
FULB    34.552  101.447    0.440E-03  104.09  113.63    9.54   0.62  -0.17   1.986  2.821  0.198E-03  0.265E-03   2.40   1.21  M27para_result.txt
HGSD    53.591   61.400    0.210E-02  110.56  121.41   10.85   1.05   0.31   2.379  3.018  0.107E-02 -0.174E-02   3.30   1.39  M27para_result.txt
YULB    37.117   66.866    0.119E-03  101.44  118.86   17.41   1.01   0.33   1.067  2.772  0.442E-04  0.131E-04   1.86   1.74  M27para_result.txt
WGKB   132.092  346.763    0.516E-03  233.05  282.33   49.27   0.61   0.76   1.286 -0.237  0.146E-03 -0.153E-02   3.83   2.98  M28para_result.txt
ANPB   302.234   12.581    0.979E-03   34.60   66.38   31.79   0.37  -0.36   1.437 -0.599  0.678E-04  0.413E-03   4.59   3.19  M28para_result.txt
SCZB    14.395  268.396    0.282E-03  108.03  148.86   40.82   0.74   0.30   0.780  2.338  0.709E-04  0.157E-02   1.87   2.40  M29para_result.txt
TWMB    60.448  325.077    0.624E-03  126.22  204.40   78.18   0.59   0.20   1.017  1.678  0.862E-04  0.427E-02   3.18   3.13  M29para_result.txt
ECLB    31.636   39.014    0.857E-03  113.46  135.26   21.80   1.02   1.19   1.336  0.476  0.272E-03  0.164E-03   2.56   1.92  M29para_result.txt
EASB     9.175   84.932    0.116E-02  152.81  156.60    3.79   1.38   1.34   6.454  1.895  0.215E-03  0.420E-03   2.06   0.32  M29para_result.txt
SLBB   277.920   18.411    0.295E-03  110.03  122.55   12.53   1.06   0.49   1.783  1.446  0.811E-04 -0.189E-03   4.10   2.30  M29para_result.txt
NANB   248.510   23.616    0.231E-03  117.57  122.81    5.24   2.13   4.81   2.602  0.652  0.273E-04  0.155E-03   3.74   1.44  M29para_result.txt
FULB   106.038   30.499    0.106E-03  129.19  198.39   69.19   0.93   1.35   0.960  2.057  0.317E-04  0.501E-03   3.05   3.18  M29para_result.txt
TIPB   307.096   20.353    0.312E-03  113.15  131.40   18.25   0.63   0.32   1.514  1.562  0.713E-05  0.114E-03   4.13   2.73  M29para_result.txt
TWGB    58.629   33.080    0.537E-03  120.41  192.61   72.20   0.83   1.06   0.994  2.890  0.207E-03 -0.383E-04   3.03   3.05  M29para_result.txt
MASB    29.773  332.187    0.320E-03  106.74  138.53   31.79   1.36   1.56   1.039  3.304  0.639E-04  0.149E-02   2.33   2.24  M29para_result.txt
YHNB   261.561   13.598    0.397E-03  111.10  113.06    1.97   0.38  -1.04   6.081 -0.107  0.124E-03  0.128E-03   3.85   0.63  M29para_result.txt
CHKH    82.638   43.718    0.997E-04  149.26  249.60  100.34   0.69   0.45   0.858  0.929  0.330E-04  0.518E-03   2.94   3.42  M30para_result.txt
ESLB   152.759   24.689    0.824E-04  165.97  235.77   69.81   0.63   0.13   0.931 -0.598  0.153E-04  0.114E-02   3.12   3.35  M30para_result.txt
WGKB   127.062  348.677    0.539E-03  158.20  243.61   85.40   0.63   0.13   1.116  0.123  0.173E-03  0.485E-02   3.84   3.44  M30para_result.txt
SCZB    28.377  222.653    0.100E-02  128.13  198.74   70.61   0.48  -0.27   0.942  2.868  0.144E-03  0.130E-01   2.76   2.93  M30para_result.txt
TWHB    69.925   79.293    0.371E-03  152.97  238.94   85.96   0.56  -0.08   0.995  2.443  0.101E-03  0.286E-02   3.23   3.24  M30para_result.txt
TWMB    49.004  306.432    0.152E-02  139.36  213.96   74.60   0.68   0.35   1.069  2.660  0.190E-03  0.193E-01   3.26   3.05  M30para_result.txt
ECLB    15.633   74.787    0.238E-02  121.94  183.46   61.52   1.03   0.81   0.912  1.697  0.265E-03  0.246E-01   2.52   2.76  M30para_result.txt
SLBB   256.975   18.848    0.375E-03  210.10  279.61   69.50   0.76   0.03   1.102  0.438  0.299E-04 -0.145E-03   4.09   3.71  M30para_result.txt
NANB   227.847   24.582    0.648E-04  200.17  283.65   83.48   0.78   0.81   0.910  0.793  0.205E-04 -0.491E-03   3.43   3.77  M30para_result.txt
DPDB   163.586    3.970    0.257E-03  173.30  268.26   94.96   0.82   0.24   0.954  0.606  0.297E-04  0.192E-02   3.49   3.66  M30para_result.txt
FULB    86.170   34.662    0.345E-03  143.87  215.66   71.78   0.66  -0.07   0.993  2.753  0.554E-04  0.452E-02   3.12   3.14  M30para_result.txt
WSSB    57.557  279.255    0.934E-03  154.84  284.26  129.42   0.71   0.56   0.980  2.056  0.324E-03  0.290E-03   3.48   3.56  M30para_result.txt
TIPB   286.232   20.889    0.171E-03  193.34  284.47   91.13   0.66  -0.04   0.955  1.723  0.164E-04 -0.938E-05   3.87   4.05  M30para_result.txt
TWGB    39.485   43.496    0.208E-02  130.43  219.51   89.08   0.96   0.59   1.053  3.377  0.263E-03  0.276E-01   3.34   3.17  M30para_result.txt
TPUB    84.237  346.996    0.216E-03  148.25  209.56   61.31   0.61   0.92   0.982  0.745  0.535E-04  0.202E-02   2.95   3.00  M30para_result.txt
TWKB    68.434  180.216    0.730E-03  161.67  203.15   41.48   0.50   0.30   1.364  2.791  0.224E-03  0.416E-02   3.55   2.61  M30para_result.txt
SSLB   136.711    5.945    0.340E-03  105.46  115.46   10.00   1.39   2.43   1.976  0.367  0.934E-04  0.176E-03   3.18   1.61  M30para_result.txt
CHGB   170.160   12.385    0.385E-03  182.18  258.90   76.73   0.69   0.43   1.049  2.751  0.156E-03 -0.262E-03   3.67   3.50  M30para_result.txt
HGSD   120.647   31.014    0.173E-02  157.09  222.13   65.04   0.96   1.27   1.214  2.892  0.303E-03  0.189E-01   3.86   3.18  M30para_result.txt
YULB   104.634   28.081    0.590E-04  159.67  212.86   53.19   0.39  -0.41   0.928  2.135  0.115E-04  0.804E-03   2.73   2.95  M30para_result.txt
MASB    19.619  287.397    0.872E-03  120.22  182.90   62.68   0.67   0.37   0.964  3.146  0.127E-03  0.110E-01   2.69   2.79  M30para_result.txt
YHNB   240.525   13.644    0.851E-04  178.46  291.28  112.82   0.79   0.99   0.874  1.942  0.188E-04  0.659E-03   3.56   4.08  M30para_result.txt
ALSB    99.443    1.194    0.101E-02   24.07  153.84  129.77   0.87   1.24   0.951  2.139  0.518E-03 -0.160E-01   3.52   3.70  M31para_result.txt
CHKH    80.312   47.661    0.128E-03   42.03  116.47   74.44   0.50   0.27   0.926  1.300  0.343E-04  0.533E-03   2.92   3.15  M31para_result.txt
ESLB   148.641   26.382    0.824E-04   51.86  108.22   56.36   0.53   0.04   0.984 -0.536  0.233E-04  0.589E-03   3.10   3.15  M31para_result.txt
WGKB   121.089  349.193    0.539E-03   63.42   98.12   34.70   0.25  -0.48   1.444  0.272  0.269E-03 -0.140E-04   3.80   2.63  M31para_result.txt
SCZB    31.479  212.606    0.100E-02   22.45   60.98   38.53   0.25  -0.21   1.171  2.882  0.321E-03  0.271E-02   2.83   2.41  M31para_result.txt
TWHB    71.347   84.081    0.371E-03   43.29  104.59   61.29   0.37  -0.18   1.099  2.434  0.126E-03  0.142E-02   3.25   2.95  M31para_result.txt
TWMB    43.949  302.250    0.152E-02   36.29   91.26   54.96   0.63   0.48   1.149  2.641  0.517E-03 -0.379E-03   3.18   2.76  M31para_result.txt
ELDB    68.153   20.402    0.265E-03   19.77   56.03   36.25   0.51   0.47   1.123  1.586  0.112E-03 -0.208E-03   2.79   2.49  M31para_result.txt
ECLB    17.414   95.072    0.238E-02   15.71   56.00   40.29   0.77   0.38   1.074  1.767  0.589E-03  0.905E-02   2.58   2.40  M31para_result.txt
SLBB   252.395   19.739    0.270E-03   89.27  116.01   26.75  -0.04  -0.60   1.375  1.246  0.259E-04  0.300E-03   3.94   2.87  M31para_result.txt
LIOB   226.606    5.721    0.585E-03   90.12  116.60   26.48   0.09  -0.82   1.487  1.632  0.406E-04 -0.210E-04   4.12   2.77  M31para_result.txt
NANB   223.698   25.701    0.576E-04   79.72  125.62   45.90   0.61   0.38   1.085  0.819  0.159E-04  0.545E-04   3.51   3.24  M31para_result.txt
DPDB   158.134    4.921    0.292E-03   61.84  105.78   43.94   0.49  -0.43   1.176 -0.101  0.668E-04 -0.127E-03   3.49   2.97  M31para_result.txt
FULB    82.968   38.156    0.345E-03   41.94   94.09   52.15   0.47  -0.22   1.086  3.016  0.844E-04  0.259E-02   3.10   2.85  M31para_result.txt
TIPB   281.794   21.719    0.127E-03   52.37  142.95   90.57   0.73  -0.03   0.955 -0.144  0.125E-04  0.295E-03   3.85   4.03  M31para_result.txt
TWGB    37.358   51.993    0.208E-02   27.72   68.01   40.29   0.45   0.01   1.334  3.238  0.568E-03  0.931E-02   3.30   2.47  M31para_result.txt
TPUB    78.235  347.671    0.210E-03   34.27   78.40   44.13   0.73   1.44   1.061  1.016  0.117E-03 -0.104E-02   2.86   2.69  M31para_result.txt
TWKB    74.105  178.443    0.730E-03   57.97   83.52   25.55   0.56   0.47   1.647  2.929  0.486E-03 -0.372E-02   3.63   2.20  M31para_result.txt
SSLB   131.362    7.172    0.187E-03   91.83  154.70   62.87   1.47   3.92   0.959  0.626  0.448E-04  0.603E-03   3.06   3.19  M31para_result.txt
CHGB   165.167   13.562    0.545E-03   36.64  126.84   90.20   0.72   0.55   1.038  1.310  0.873E-04  0.557E-02   3.76   3.62  M31para_result.txt
HGSD   117.075   33.377    0.173E-02   63.28   81.41   18.13   0.49   0.24   1.866  2.978  0.966E-03 -0.297E-02   3.84   2.06  M31para_result.txt
YULB   100.826   30.717    0.667E-04   45.93   93.52   47.59   0.32  -0.47   0.955  2.221  0.243E-04  0.159E-03   2.71   2.84  M31para_result.txt
MASB    16.462  270.762    0.872E-03   20.13   61.98   41.85   0.52   0.34   1.067  3.061  0.178E-03  0.721E-02   2.59   2.43  M31para_result.txt
YHNB   235.599   14.493    0.118E-03   70.85  125.69   54.84   0.80   0.75   1.035  2.161  0.373E-04 -0.346E-03   3.55   3.43  M31para_result.txt
ALSB   105.055  357.511    0.218E-02  170.66  241.59   70.93   0.90   1.64   1.161  2.492  0.281E-03  0.297E-01   3.71   3.20  M32para_result.txt
SCZB    31.614  228.434    0.235E-03  132.25  159.93   27.67   0.59  -0.66   1.168  1.494  0.904E-04  0.319E-03   2.48   2.12  M32para_result.txt
TWMB    52.564  303.488    0.437E-03  144.02  181.47   37.46   1.09   1.10   1.236  1.719  0.985E-04  0.192E-02   3.04   2.46  M32para_result.txt
ECLB    11.387   69.500    0.572E-03  127.23  151.74   24.50   1.38   1.70   0.960  0.133  0.806E-04  0.244E-02   1.87   1.95  M32para_result.txt
FULB    83.641   32.230    0.938E-04  151.45  178.80   27.35   0.27  -0.38   1.259  1.732  0.457E-04 -0.296E-03   2.89   2.30  M32para_result.txt
TWGB    36.497   38.593    0.329E-03  142.41  165.70   23.29   0.26  -0.77   1.369  2.552  0.160E-03  0.130E-03   2.73   1.99  M32para_result.txt
MASB    23.846  283.981    0.250E-03  116.90  152.43   35.53   0.89  -0.21   0.984  2.717  0.512E-04  0.152E-02   2.28   2.31  M32para_result.txt
SCZB    51.765  195.075    0.618E-03   87.79  116.82   29.03   0.73   0.23   1.332  3.201  0.164E-03  0.188E-02   2.98   2.24  M33para_result.txt
TWMB    33.681  269.969    0.305E-03  117.11  153.11   36.00   0.72   0.58   1.139  1.203  0.123E-03 -0.653E-03   2.69   2.36  M33para_result.txt
ECLB    32.545  140.183    0.324E-03   93.58  121.38   27.79   0.79   0.02   1.089  0.672  0.937E-04  0.123E-02   2.32   2.13  M33para_result.txt
SLBB   231.760   22.496    0.711E-03  158.48  164.38    5.90   0.76  -0.08   2.756 -1.323  0.115E-03  0.782E-03   4.09   1.48  M33para_result.txt
FULB    68.866   52.638    0.866E-04  110.69  153.24   42.56   0.33  -0.08   1.029  1.459  0.157E-04  0.464E-03   2.71   2.63  M33para_result.txt
TWGB    32.926   90.786    0.292E-03   96.07  145.46   49.39   0.55   0.11   0.914  2.448  0.990E-04  0.153E-02   2.41   2.63  M33para_result.txt
YULB    83.787   41.004    0.315E-04  122.42  166.43   44.01   0.48  -0.17   0.890  1.220  0.115E-04 -0.112E-03   2.41   2.71  M33para_result.txt
MASB    26.619  209.154    0.172E-03   89.73  120.04   30.30   0.70   0.11   0.866  2.334  0.329E-04  0.105E-02   1.89   2.19  M33para_result.txt
ALSB    23.696   29.497    0.775E-03  106.73  112.06    5.32   0.32  -1.03   3.666  0.312  0.471E-03 -0.447E-03   2.44   0.67  M34para_result.txt
SGSB    28.955  202.520    0.370E-03  103.40  122.11   18.70   0.68   0.06   1.298  1.189  0.137E-03  0.230E-03   2.30   1.78  M34para_result.txt
WGKB    42.219  341.896    0.430E-03  111.84  123.61   11.78   0.49  -0.55   1.924  0.163  0.175E-03 -0.265E-03   2.73   1.42  M34para_result.txt
ELDB    36.553  114.063    0.135E-03  103.90  128.95   25.05   0.87   0.52   1.029  1.472  0.613E-04 -0.313E-03   2.11   2.06  M34para_result.txt
SLBB   184.935   30.815    0.819E-03   64.39   72.44    8.05   0.14  -0.67   2.558 -1.803  0.124E-03  0.715E-03   4.06   1.59  M34para_result.txt
DPDB    82.085   16.359    0.484E-04  126.29  137.49   11.20   0.20  -0.97   1.835 -0.824  0.245E-04 -0.278E-04   2.78   1.52  M34para_result.txt
FULB    62.358  102.524    0.242E-03  111.79  131.92   20.13   0.41  -0.69   1.381  1.282  0.451E-04 -0.762E-04   2.70   1.96  M34para_result.txt
TWGB    68.103  144.982    0.227E-03  111.84  123.61   11.78  -0.13  -0.51   1.859  2.500  0.112E-03 -0.764E-05   2.81   1.51  M34para_result.txt
TPUB     7.483  251.470    0.369E-03  100.73  117.16   16.42   1.16   1.47   1.012  0.749  0.213E-03 -0.149E-02   1.61   1.59  M34para_result.txt
SSLB    57.722   26.744    0.553E-04  111.94  121.10    9.15   0.45   0.44   1.502  0.302  0.172E-04  0.358E-04   1.88   1.26  M34para_result.txt
ANPB   222.591   21.823    0.201E-03  170.07  191.44   21.37   0.49   0.08   1.546 -1.605  0.883E-04 -0.393E-04   3.97   2.57  M34para_result.txt
HGSD    76.406   75.592    0.548E-03  119.30  140.08   20.78   0.38   0.16   1.628  1.575  0.204E-03 -0.509E-03   3.31   2.03  M34para_result.txt
MASB    78.883  184.947    0.986E-04   44.22   56.90   12.68   0.76   0.68   1.645  1.722  0.144E-04 -0.346E-04   2.65   1.61  M34para_result.txt
ALSB    16.072  295.000    0.120E-02  206.11  223.33   17.21   0.89   0.02   1.636  2.437  0.344E-03  0.412E-02   2.71   1.66  M35para_result.txt
CHKH    57.542  132.130    0.917E-04  207.15  246.15   38.99   0.73   0.20   1.060  0.980  0.315E-04  0.180E-03   2.66   2.51  M35para_result.txt
ESLB    63.889   50.705    0.591E-04  223.74  247.86   24.12   0.32  -0.89   1.079  0.338  0.255E-04  0.115E-03   2.29   2.12  M35para_result.txt
WGKB    47.326  303.819    0.599E-03  220.27  248.64   28.37   0.77  -0.13   1.438  0.754  0.239E-03  0.498E-03   3.17   2.20  M35para_result.txt
TAIH    86.379  238.536    0.176E-03  237.08  262.61   25.53   0.58   0.05   1.450  1.323  0.484E-04  0.558E-03   3.26   2.25  M35para_result.txt
TWMB    87.657  217.939    0.326E-03  237.02  255.69   18.67   0.49  -0.60   1.708  2.293  0.192E-03 -0.698E-03   3.38   1.98  M35para_result.txt
ELDB    29.634  166.177    0.756E-03  206.55  222.44   15.89   1.61   2.32   1.708  2.379  0.123E-03  0.146E-02   2.79   1.64  M35para_result.txt
SLBB   160.333   25.391    0.762E-04  257.81  272.74   14.94   0.93   0.40   1.567  1.151  0.178E-04  0.187E-03   3.20   2.04  M35para_result.txt
NANB   135.360   36.482    0.713E-04  231.75  280.84   49.09   0.55  -0.44   0.921  0.843  0.113E-04 -0.167E-04   2.75   2.99  M35para_result.txt
DPDB    64.979  357.345    0.645E-04  221.64  254.68   33.04   0.64  -0.06   1.090 -0.187  0.158E-04  0.332E-03   2.61   2.40  M35para_result.txt
FULB    44.146  128.434    0.350E-03  215.07  235.15   20.08   0.69  -0.26   1.517  2.236  0.121E-03  0.773E-03   2.87   1.89  M35para_result.txt
TIPB   190.497   27.448    0.530E-04  264.05  276.75   12.70   0.94   0.22   1.618  2.039  0.174E-04  0.863E-04   3.24   2.00  M35para_result.txt
NACB   103.456   38.829    0.299E-04  223.41  275.94   52.53   0.56   0.30   0.830  0.709  0.155E-04 -0.195E-03   2.44   2.93  M35para_result.txt
TWGB    70.806  169.657    0.342E-03  219.05  236.47   17.42   0.31  -0.85   1.695  2.306  0.212E-03 -0.715E-03   3.15   1.86  M35para_result.txt
TPUB    37.084  244.136    0.335E-03  211.77  235.17   23.40   0.88   1.08   1.280  1.296  0.883E-04  0.654E-03   2.56   2.00  M35para_result.txt
SSLB    37.690  359.690    0.643E-04  204.58  241.99   37.41   0.64  -0.01   0.853  0.593  0.364E-04 -0.327E-03   2.05   2.41  M35para_result.txt
CHGB    71.417   18.076    0.156E-03  218.33  248.29   29.96   0.25  -0.68   1.196  2.608  0.696E-04  0.426E-03   2.79   2.33  M35para_result.txt
HGSD    48.034   83.942    0.118E-02  205.54  248.15   42.61   1.09   1.11   1.274  3.277  0.499E-03 -0.349E-02   3.26   2.56  M35para_result.txt
YULB    35.360   99.773    0.142E-03  208.25  238.96   30.71   1.16   1.02   0.948  2.555  0.558E-04 -0.377E-03   2.11   2.23  M35para_result.txt
MASB    98.177  199.771    0.854E-04  221.83  269.81   47.98   0.93   0.69   0.913  1.545  0.146E-04 -0.137E-03   2.59   2.84  M35para_result.txt
YHNB   141.912   17.410    0.698E-04  233.96  277.03   43.07   0.09  -0.72   1.006  2.214  0.158E-04  0.329E-03   2.91   2.89  M35para_result.txt
ALSB    21.911  331.720    0.120E-02   86.43  102.83   16.40   0.85  -0.03   1.766  2.399  0.356E-03  0.392E-02   2.89   1.64  M36para_result.txt
CHKH    53.640  119.092    0.917E-04   87.06  129.34   42.28   0.80   0.30   1.013  0.836  0.278E-04  0.302E-03   2.60   2.57  M36para_result.txt
ESLB    75.381   45.341    0.591E-04  101.83  127.14   25.31   0.29  -0.81   1.109  0.345  0.987E-05  0.529E-03   2.44   2.20  M36para_result.txt
WGKB    52.374  317.862    0.599E-03  100.49  124.01   23.52   0.66  -0.20   1.579  0.817  0.245E-03  0.770E-03   3.25   2.06  M36para_result.txt
TWMB    75.345  221.258    0.326E-03  113.91  134.26   20.36   0.46  -0.50   1.628  2.250  0.106E-03  0.104E-02   3.27   2.01  M36para_result.txt
ELDB    19.792  145.270    0.756E-03   86.71  103.53   16.81   1.64   2.47   1.544  2.110  0.265E-03 -0.104E-02   2.55   1.65  M36para_result.txt
SLBB   173.436   24.854    0.935E-04  138.19  151.45   13.25   0.82   0.20   1.683  1.067  0.276E-04  0.565E-04   3.34   1.98  M36para_result.txt
NANB   147.964   34.891    0.484E-04  105.70  158.64   52.94   0.48  -0.51   0.913  0.563  0.846E-05  0.151E-03   2.83   3.10  M36para_result.txt
DPDB    77.425    0.858    0.645E-04   99.96  133.94   33.98   0.68   0.01   1.127 -0.212  0.142E-04  0.394E-03   2.78   2.46  M36para_result.txt
FULB    41.548  111.052    0.350E-03   95.12  123.36   28.24   0.89   0.18   1.297  2.245  0.661E-04  0.189E-02   2.82   2.18  M36para_result.txt
TIPB   203.538   26.856    0.530E-04  144.16  159.19   15.03   0.85   0.29   1.511  2.273  0.172E-04  0.717E-04   3.32   2.20  M36para_result.txt
NACB   115.917   36.550    0.425E-04  100.31  131.91   31.60   0.32  -0.11   0.993  0.827  0.128E-04  0.158E-04   2.52   2.53  M36para_result.txt
TWGB    59.596  163.508    0.342E-03   98.52  120.44   21.92   0.51  -0.80   1.484  2.492  0.149E-03  0.208E-03   3.00   2.02  M36para_result.txt
TPUB    29.408  262.813    0.335E-03   91.81  116.42   24.61   0.83   0.92   1.192  1.286  0.907E-04  0.525E-03   2.40   2.02  M36para_result.txt
SSLB    50.354    4.525    0.643E-04   83.06  120.92   37.86   0.54  -0.15   0.922  0.584  0.220E-04  0.234E-03   2.27   2.46  M36para_result.txt
CHGB    84.607   18.130    0.156E-03   90.84  126.28   35.44   0.45  -0.64   1.160  2.977  0.307E-04  0.171E-02   2.93   2.53  M36para_result.txt
HGSD    54.849   71.295    0.118E-02   85.49  125.63   40.14   1.08   1.09   1.331  3.304  0.442E-03 -0.438E-03   3.37   2.53  M36para_result.txt
YULB    39.576   80.524    0.142E-03   88.00  120.11   32.11   1.17   1.06   0.961  2.616  0.399E-04  0.103E-03   2.19   2.28  M36para_result.txt
MASB    84.990  199.949    0.120E-03   95.51  140.78   45.27   0.93   0.66   0.990  1.573  0.121E-04  0.386E-04   2.71   2.74  M36para_result.txt
YHNB   155.100   17.489    0.557E-04  112.66  154.80   42.15   0.10  -0.56   1.019  2.540  0.135E-04  0.446E-03   2.98   2.92  M36para_result.txt
TWGB    75.224  154.823    0.205E-03  191.57  217.15   25.58   1.17   1.64   1.295  2.649  0.567E-04  0.508E-03   2.86   2.21  M37para_result.txt
HGSD    67.292   84.292    0.469E-03  200.00  300.00  100.00  -0.15  -0.42   0.894  1.869  0.332E-04  0.549E-02   3.01   3.37  M37para_result.txt
ALSB    38.517  338.761    0.203E-03  121.50  149.54   28.04   0.31  -0.75   1.036  2.499  0.489E-04  0.134E-02   2.24   2.16  M38para_result.txt
WGKB    67.622  325.082    0.344E-03  119.79  149.61   29.82   0.40  -0.29   1.541  0.001  0.274E-04  0.101E-02   3.57   2.32  M38para_result.txt
ELDB     7.702   87.514    0.160E-03  117.37  142.41   25.04   0.45  -0.17   0.578  1.766  0.502E-04  0.296E-03   1.13   1.95  M38para_result.txt
FULB    35.234   87.286    0.116E-03  125.39  150.36   24.97   0.48  -0.09   0.993  3.484  0.326E-04  0.495E-03   2.03   2.05  M38para_result.txt
TWGB    42.680  161.804    0.177E-03  119.79  149.61   29.82   0.40  -0.31   1.094  2.670  0.366E-04  0.126E-02   2.44   2.23  M38para_result.txt
TPUB    35.215  291.542    0.102E-03  116.33  143.78   27.45   0.88   1.03   0.885  0.994  0.308E-04  0.333E-03   1.89   2.13  M38para_result.txt
HGSD    59.235   54.759    0.522E-03  129.22  155.27   26.05   0.40  -0.25   1.364  2.643  0.210E-03  0.322E-03   2.96   2.17  M38para_result.txt
YULB    42.326   56.909    0.171E-04  126.30  159.12   32.82   0.28  -0.61   0.694  1.555  0.668E-05  0.423E-04   1.60   2.31  M38para_result.txt
RLNB    98.784  322.517    0.369E-03  232.83  258.51   25.68   0.16  -0.43   1.494  1.760  0.361E-04  0.764E-04   3.43   2.29  M38para_result.txt
ALSB    40.436  359.176    0.948E-03   91.57  119.46   27.90   1.32   0.95   1.317  3.185  0.301E-03 -0.127E-02   2.85   2.16  M40para_result.txt
SGSB    24.381  253.508    0.644E-03  111.22  127.38   16.15   0.99  -0.08   1.446  1.717  0.207E-03 -0.423E-04   2.36   1.63  M40para_result.txt
ESLB    97.566   40.525    0.556E-04  105.71  136.69   30.99   1.01   0.79   0.984  0.371  0.110E-04  0.255E-03   2.42   2.45  M40para_result.txt
WGKB    65.097  337.079    0.492E-03  101.35  129.40   28.04   0.88   0.57   1.372  1.998  0.159E-03  0.602E-03   3.09   2.25  M40para_result.txt
TAIH    60.745  259.084    0.590E-03  112.78  135.40   22.62   0.69  -0.11   1.498  1.427  0.697E-04 -0.435E-04   3.07   2.05  M40para_result.txt
TWMB    53.379  228.271    0.337E-03  106.94  130.23   23.28   0.36  -0.79   1.370  2.976  0.103E-03  0.138E-02   2.81   2.05  M40para_result.txt
ELDB    21.656   76.964    0.310E-03   88.20   98.92   10.72   0.92   0.66   1.603  2.409  0.115E-03  0.253E-05   2.03   1.27  M40para_result.txt
SLBB   196.745   24.826    0.524E-04  139.16  161.68   22.51   0.59  -0.36   1.292  1.756  0.111E-04  0.179E-03   3.26   2.52  M40para_result.txt
NANB   170.969   33.502    0.266E-04  137.47  157.56   20.09   1.78   4.85   1.205  0.832  0.142E-04 -0.117E-03   2.81   2.33  M40para_result.txt
DPDB    99.163    6.322    0.521E-04  108.85  136.94   28.09   0.76  -0.28   1.130  0.667  0.116E-04  0.325E-03   2.68   2.37  M40para_result.txt
FULB    48.997   82.679    0.358E-03   97.86  109.27   11.40   2.42   7.42   1.686  2.736  0.884E-04 -0.481E-04   2.39   1.42  M40para_result.txt
TIPB   226.835   26.621    0.286E-04  148.04  172.14   24.10   0.78   0.95   1.245  1.679  0.147E-04 -0.111E-03   3.35   2.69  M40para_result.txt
NACB   138.828   34.575    0.215E-04  120.77  135.97   15.20   0.22  -0.20   1.280  0.817  0.969E-05  0.146E-04   2.53   1.98  M40para_result.txt
TWGB    44.853  143.360    0.480E-03   92.71  112.19   19.47   0.75  -0.21   1.442  3.574  0.112E-03  0.166E-02   2.69   1.87  M40para_result.txt
TPUB    26.062  312.017    0.661E-03   85.16  108.47   23.32   2.05   6.25   1.199  2.533  0.609E-04  0.189E-02   2.35   1.96  M40para_result.txt
SSLB    72.656   10.910    0.481E-04   99.64  119.17   19.52   0.39  -0.62   1.069  0.465  0.973E-05  0.242E-03   2.10   1.97  M40para_result.txt
CHGB   107.787   19.560    0.116E-03  111.11  142.93   31.83   0.95   0.40   1.131  2.861  0.328E-04  0.490E-03   2.84   2.51  M40para_result.txt
HGSD    72.912   57.880    0.958E-03   96.21  124.17   27.96   0.87   0.15   1.440  3.062  0.105E-03  0.626E-02   3.28   2.28  M40para_result.txt
YULB    56.144   60.456    0.432E-04   90.21  134.76   44.55   1.40   2.08   0.725  1.825  0.406E-05  0.370E-03   1.90   2.62  M40para_result.txt
MASB    61.803  198.033    0.343E-04  102.77  123.85   21.08   0.43  -0.08   1.098  1.659  0.837E-05  0.302E-04   2.19   1.99  M40para_result.txt
YHNB   178.238   18.422    0.774E-04  112.08  159.99   47.90   1.10   1.45   0.979  2.072  0.550E-05  0.298E-03   3.05   3.11  M40para_result.txt
NNSB   153.444   21.866    0.231E-03  127.79  134.43    6.64  -0.12  -1.04   2.532 -0.128  0.750E-04  0.821E-04   3.32   1.31  M40para_result.txt
NNSB   153.444   21.866    0.701E-04  127.79  134.43    6.64  -0.12  -1.04   2.137 -0.128  0.228E-04  0.249E-04   2.80   1.31  M40para_result.txt
