0.000000E+00 -.100813E+00
0.500000E-01 -.131195E+00
0.100000E+00 -.156762E+00
0.150000E+00 -.180680E+00
0.200000E+00 -.203468E+00
0.250000E+00 -.223439E+00
0.300000E+00 -.240029E+00
0.350000E+00 -.254227E+00
0.400000E+00 -.266520E+00
0.450000E+00 -.274889E+00
0.500000E+00 -.278818E+00
0.550000E+00 -.282412E+00
0.600000E+00 -.288145E+00
0.650000E+00 -.290194E+00
0.700000E+00 -.283384E+00
0.750000E+00 -.272290E+00
0.800000E+00 -.261600E+00
0.850000E+00 -.248638E+00
0.900000E+00 -.230215E+00
0.950000E+00 -.207453E+00
0.100000E+01 -.182377E+00
0.105000E+01 -.154769E+00
0.110000E+01 -.124490E+00
0.115000E+01 -.919999E-01
0.120000E+01 -.576742E-01
0.125000E+01 -.214178E-01
0.130000E+01 0.174835E-01
0.135000E+01 0.589153E-01
0.140000E+01 0.101610E+00
0.145000E+01 0.145309E+00
0.150000E+01 0.191042E+00
0.155000E+01 0.239408E+00
0.160000E+01 0.289540E+00
0.165000E+01 0.339701E+00
0.170000E+01 0.388838E+00
0.175000E+01 0.437752E+00
0.180000E+01 0.486569E+00
0.185000E+01 0.533148E+00
0.190000E+01 0.574326E+00
0.195000E+01 0.609011E+00
0.200000E+01 0.636283E+00
0.205000E+01 0.654052E+00
0.210000E+01 0.660427E+00
0.215000E+01 0.653818E+00
0.220000E+01 0.632408E+00
0.225000E+01 0.594705E+00
0.230000E+01 0.539784E+00
0.235000E+01 0.468260E+00
0.240000E+01 0.382545E+00
0.245000E+01 0.284491E+00
0.250000E+01 0.173432E+00
0.255000E+01 0.491427E-01
0.260000E+01 -.839460E-01
0.265000E+01 -.218142E+00
0.270000E+01 -.349012E+00
0.275000E+01 -.476394E+00
0.280000E+01 -.599589E+00
0.285000E+01 -.713382E+00
0.290000E+01 -.810660E+00
0.295000E+01 -.888296E+00
0.300000E+01 -.946864E+00
0.305000E+01 -.985294E+00
0.310000E+01 -.100000E+01
0.315000E+01 -.988444E+00
0.320000E+01 -.951319E+00
0.325000E+01 -.890235E+00
0.330000E+01 -.807145E+00
0.335000E+01 -.704207E+00
0.340000E+01 -.585718E+00
0.345000E+01 -.456949E+00
0.350000E+01 -.319444E+00
0.355000E+01 -.172872E+00
0.360000E+01 -.227313E-01
0.365000E+01 0.121917E+00
0.370000E+01 0.257978E+00
0.375000E+01 0.386378E+00
0.380000E+01 0.504871E+00
0.385000E+01 0.608518E+00
0.390000E+01 0.694078E+00
0.395000E+01 0.760484E+00
0.400000E+01 0.807098E+00
0.405000E+01 0.833577E+00
0.410000E+01 0.840016E+00
0.415000E+01 0.827301E+00
0.420000E+01 0.796927E+00
0.425000E+01 0.749569E+00
0.430000E+01 0.686202E+00
0.435000E+01 0.610935E+00
0.440000E+01 0.528881E+00
0.445000E+01 0.440884E+00
0.450000E+01 0.344951E+00
0.455000E+01 0.242925E+00
0.460000E+01 0.141317E+00
0.465000E+01 0.441853E-01
0.470000E+01 -.490455E-01
0.475000E+01 -.140015E+00
0.480000E+01 -.225406E+00
0.485000E+01 -.300591E+00
0.490000E+01 -.364866E+00
0.495000E+01 -.419264E+00
0.500000E+01 -.462815E+00
0.505000E+01 -.494038E+00
0.510000E+01 -.512367E+00
0.515000E+01 -.519075E+00
0.520000E+01 -.514990E+00
0.525000E+01 -.498840E+00
0.530000E+01 -.469898E+00
0.535000E+01 -.431267E+00
0.540000E+01 -.387502E+00
0.545000E+01 -.338168E+00
0.550000E+01 -.279455E+00
0.555000E+01 -.213160E+00
0.560000E+01 -.146611E+00
0.565000E+01 -.831700E-01
0.570000E+01 -.200095E-01
0.575000E+01 0.438575E-01
0.580000E+01 0.104928E+00
0.585000E+01 0.159769E+00
0.590000E+01 0.207435E+00
0.595000E+01 0.247785E+00
0.600000E+01 0.280419E+00
0.605000E+01 0.305367E+00
0.610000E+01 0.323335E+00
0.615000E+01 0.334878E+00
0.620000E+01 0.338249E+00
0.625000E+01 0.331589E+00
0.630000E+01 0.317334E+00
0.635000E+01 0.300093E+00
0.640000E+01 0.280238E+00
0.645000E+01 0.254083E+00
0.650000E+01 0.220308E+00
0.655000E+01 0.181959E+00
0.660000E+01 0.142018E+00
0.665000E+01 0.101629E+00
0.670000E+01 0.607978E-01
0.675000E+01 0.191599E-01
0.680000E+01 -.230108E-01
0.685000E+01 -.639609E-01
0.690000E+01 -.101419E+00
0.695000E+01 -.133789E+00
0.700000E+01 -.160927E+00
0.705000E+01 -.183776E+00
0.710000E+01 -.202792E+00
0.715000E+01 -.217113E+00
0.720000E+01 -.224981E+00
0.725000E+01 -.225335E+00
0.730000E+01 -.219950E+00
0.735000E+01 -.212079E+00
0.740000E+01 -.202306E+00
0.745000E+01 -.187773E+00
0.750000E+01 -.166878E+00
0.755000E+01 -.142153E+00
0.760000E+01 -.117235E+00
0.765000E+01 -.932728E-01
0.770000E+01 -.681709E-01
0.775000E+01 -.405321E-01
0.780000E+01 -.120759E-01
0.785000E+01 0.150536E-01
0.790000E+01 0.405043E-01
0.795000E+01 0.646894E-01
0.800000E+01 0.870155E-01
0.805000E+01 0.106603E+00
0.810000E+01 0.123093E+00
0.815000E+01 0.136552E+00
0.820000E+01 0.146548E+00
0.825000E+01 0.152356E+00
0.830000E+01 0.154023E+00
0.835000E+01 0.153156E+00
0.840000E+01 0.151010E+00
0.845000E+01 0.146255E+00
0.850000E+01 0.136995E+00
0.855000E+01 0.124789E+00
0.860000E+01 0.112770E+00
0.865000E+01 0.101260E+00
0.870000E+01 0.885371E-01
0.875000E+01 0.743247E-01
0.880000E+01 0.597681E-01
0.885000E+01 0.455902E-01
0.890000E+01 0.319502E-01
0.895000E+01 0.189743E-01
0.900000E+01 0.682779E-02
0.905000E+01 -.458102E-02
0.910000E+01 -.153839E-01
0.915000E+01 -.254267E-01
0.920000E+01 -.339832E-01
0.925000E+01 -.410362E-01
0.930000E+01 -.480301E-01
0.935000E+01 -.564574E-01
0.940000E+01 -.656483E-01
0.945000E+01 -.724587E-01
0.950000E+01 -.753755E-01
0.955000E+01 -.765667E-01
0.960000E+01 -.780922E-01
0.965000E+01 -.790137E-01
0.970000E+01 -.768948E-01
0.975000E+01 -.710549E-01
0.980000E+01 -.627856E-01
0.985000E+01 -.536931E-01
0.990000E+01 -.449643E-01
0.995000E+01 -.369715E-01
0.100000E+02 -.294358E-01
0.100500E+02 -.218977E-01
0.101000E+02 -.139107E-01
0.101500E+02 -.615788E-02
0.102000E+02 -.463006E-03
0.102500E+02 0.305049E-02
0.103000E+02 0.704175E-02
0.103500E+02 0.137845E-01
0.104000E+02 0.218135E-01
0.104500E+02 0.277117E-01
0.105000E+02 0.310467E-01
0.105500E+02 0.341992E-01
0.106000E+02 0.388002E-01
0.106500E+02 0.436184E-01
0.107000E+02 0.466426E-01
0.107500E+02 0.478704E-01
0.108000E+02 0.481383E-01
0.108500E+02 0.478254E-01
0.109000E+02 0.469433E-01
0.109500E+02 0.457147E-01
0.110000E+02 0.440336E-01
0.110500E+02 0.417157E-01
0.111000E+02 0.386379E-01
0.111500E+02 0.354673E-01
0.112000E+02 0.328818E-01
0.112500E+02 0.305438E-01
0.113000E+02 0.278949E-01
0.113500E+02 0.252551E-01
0.114000E+02 0.229211E-01
0.114500E+02 0.205403E-01
0.115000E+02 0.178513E-01
0.115500E+02 0.148971E-01
0.116000E+02 0.115458E-01
0.116500E+02 0.774690E-02
0.117000E+02 0.352829E-02
0.117500E+02 -.666898E-03
0.118000E+02 -.432224E-02
0.118500E+02 -.765106E-02
0.119000E+02 -.111919E-01
0.119500E+02 -.145940E-01
0.120000E+02 -.170910E-01
0.120500E+02 -.188344E-01
0.121000E+02 -.200971E-01
0.121500E+02 -.210000E-01
0.122000E+02 -.215832E-01
0.122500E+02 -.218030E-01
0.123000E+02 -.213081E-01
0.123500E+02 -.197271E-01
0.124000E+02 -.173805E-01
0.124500E+02 -.159436E-01
0.125000E+02 -.161868E-01
0.125500E+02 -.157012E-01
0.126000E+02 -.122979E-01
0.126500E+02 -.784406E-02
0.127000E+02 -.573676E-02
0.127500E+02 -.588455E-02
0.128000E+02 -.538312E-02
0.128500E+02 -.300842E-02
0.129000E+02 0.201194E-03
0.129500E+02 0.351853E-02
0.130000E+02 0.667281E-02
0.130500E+02 0.987915E-02
0.131000E+02 0.126209E-01
0.131500E+02 0.144796E-01
0.132000E+02 0.179364E-01
0.132500E+02 0.239099E-01
0.133000E+02 0.278621E-01
0.133500E+02 0.263931E-01
0.134000E+02 0.237857E-01
0.134500E+02 0.253983E-01
0.135000E+02 0.294131E-01
0.135500E+02 0.303410E-01
0.136000E+02 0.275848E-01
0.136500E+02 0.249281E-01
0.137000E+02 0.243168E-01
0.137500E+02 0.241352E-01
0.138000E+02 0.230361E-01
0.138500E+02 0.211945E-01
0.139000E+02 0.186321E-01
0.139500E+02 0.153960E-01
0.140000E+02 0.118002E-01
0.140500E+02 0.880034E-02
0.141000E+02 0.672582E-02
0.141500E+02 0.365199E-02
0.142000E+02 -.104899E-02
0.142500E+02 -.505205E-02
0.143000E+02 -.678679E-02
0.143500E+02 -.741839E-02
0.144000E+02 -.860082E-02
0.144500E+02 -.104319E-01
0.145000E+02 -.119877E-01
0.145500E+02 -.129144E-01
0.146000E+02 -.136125E-01
0.146500E+02 -.144950E-01
0.147000E+02 -.152457E-01
0.147500E+02 -.157132E-01
0.148000E+02 -.159756E-01
0.148500E+02 -.161449E-01
0.149000E+02 -.161026E-01
0.149500E+02 -.154489E-01
0.150000E+02 -.146086E-01
0.150500E+02 -.146624E-01
0.151000E+02 -.153659E-01
0.151500E+02 -.151885E-01
0.152000E+02 -.136521E-01
0.152500E+02 -.120266E-01
0.153000E+02 -.112902E-01
0.153500E+02 -.107013E-01
0.154000E+02 -.865130E-02
0.154500E+02 -.472181E-02
0.155000E+02 0.443642E-05
0.155500E+02 0.455209E-02
0.156000E+02 0.882043E-02
0.156500E+02 0.136286E-01
0.157000E+02 0.197154E-01
0.157500E+02 0.266307E-01
0.158000E+02 0.334582E-01
0.158500E+02 0.394255E-01
0.159000E+02 0.445596E-01
0.159500E+02 0.491828E-01
0.160000E+02 0.536304E-01
0.160500E+02 0.575861E-01
0.161000E+02 0.600749E-01
0.161500E+02 0.599473E-01
0.162000E+02 0.570352E-01
0.162500E+02 0.527028E-01
0.163000E+02 0.485052E-01
0.163500E+02 0.438780E-01
0.164000E+02 0.365053E-01
0.164500E+02 0.254365E-01
0.165000E+02 0.124463E-01
0.165500E+02 0.247467E-03
0.166000E+02 -.102655E-01
0.166500E+02 -.204265E-01
0.167000E+02 -.318635E-01
0.167500E+02 -.441953E-01
0.168000E+02 -.553079E-01
0.168500E+02 -.632430E-01
0.169000E+02 -.678153E-01
0.169500E+02 -.702697E-01
0.170000E+02 -.717355E-01
0.170500E+02 -.720632E-01
0.171000E+02 -.695966E-01
0.171500E+02 -.628127E-01
0.172000E+02 -.523741E-01
0.172500E+02 -.409851E-01
0.173000E+02 -.306125E-01
0.173500E+02 -.200432E-01
0.174000E+02 -.725381E-02
0.174500E+02 0.702996E-02
0.175000E+02 0.203784E-01
0.175500E+02 0.319899E-01
0.176000E+02 0.423676E-01
0.176500E+02 0.515105E-01
0.177000E+02 0.591684E-01
0.177500E+02 0.651083E-01
0.178000E+02 0.691312E-01
0.178500E+02 0.710142E-01
0.179000E+02 0.701189E-01
0.179500E+02 0.664449E-01
0.180000E+02 0.613830E-01
0.180500E+02 0.557416E-01
0.181000E+02 0.486858E-01
0.181500E+02 0.393449E-01
0.182000E+02 0.282995E-01
0.182500E+02 0.175422E-01
0.183000E+02 0.837562E-02
0.183500E+02 -.107059E-03
0.184000E+02 -.896519E-02
0.184500E+02 -.172208E-01
0.185000E+02 -.238299E-01
0.185500E+02 -.286463E-01
0.186000E+02 -.318361E-01
0.186500E+02 -.338946E-01
0.187000E+02 -.352301E-01
0.187500E+02 -.357086E-01
0.188000E+02 -.347923E-01
0.188500E+02 -.320848E-01
0.189000E+02 -.281158E-01
0.189500E+02 -.239342E-01
0.190000E+02 -.201242E-01
0.190500E+02 -.160067E-01
0.191000E+02 -.109392E-01
0.191500E+02 -.532117E-02
0.192000E+02 -.508557E-04
0.192500E+02 0.469102E-02
0.193000E+02 0.894315E-02
0.193500E+02 0.127906E-01
0.194000E+02 0.162385E-01
0.194500E+02 0.192115E-01
0.195000E+02 0.219877E-01
0.195500E+02 0.240468E-01
0.196000E+02 0.243878E-01
0.196500E+02 0.240691E-01
0.197000E+02 0.246420E-01
0.197500E+02 0.253599E-01
0.198000E+02 0.248821E-01
0.198500E+02 0.229304E-01
0.199000E+02 0.199363E-01
0.199500E+02 0.169045E-01
0.200000E+02 0.144881E-01
0.200500E+02 0.123199E-01
0.201000E+02 0.895204E-02
0.201500E+02 0.358360E-02
0.202000E+02 -.272902E-02
0.202500E+02 -.766594E-02
0.203000E+02 -.101988E-01
0.203500E+02 -.122831E-01
0.204000E+02 -.163294E-01
0.204500E+02 -.208392E-01
0.205000E+02 -.232822E-01
0.205500E+02 -.234619E-01
0.206000E+02 -.229087E-01
0.206500E+02 -.221194E-01
0.207000E+02 -.207533E-01
0.207500E+02 -.187289E-01
0.208000E+02 -.160610E-01
0.208500E+02 -.128320E-01
0.209000E+02 -.912800E-02
0.209500E+02 -.509092E-02
0.210000E+02 -.133756E-02
0.210500E+02 0.175315E-02
0.211000E+02 0.485812E-02
0.211500E+02 0.908010E-02
0.212000E+02 0.137750E-01
0.212500E+02 0.173610E-01
0.213000E+02 0.198326E-01
0.213500E+02 0.224134E-01
0.214000E+02 0.252747E-01
0.214500E+02 0.275217E-01
0.215000E+02 0.286202E-01
0.215500E+02 0.287788E-01
0.216000E+02 0.282188E-01
0.216500E+02 0.271357E-01
0.217000E+02 0.255905E-01
0.217500E+02 0.234535E-01
0.218000E+02 0.206605E-01
0.218500E+02 0.172627E-01
0.219000E+02 0.134153E-01
0.219500E+02 0.941387E-02
0.220000E+02 0.548586E-02
0.220500E+02 0.140499E-02
0.221000E+02 -.316011E-02
0.221500E+02 -.801767E-02
0.222000E+02 -.126585E-01
0.222500E+02 -.162125E-01
0.223000E+02 -.187379E-01
0.223500E+02 -.213436E-01
0.224000E+02 -.242275E-01
0.224500E+02 -.263281E-01
0.225000E+02 -.268428E-01
0.225500E+02 -.260704E-01
0.226000E+02 -.248625E-01
0.226500E+02 -.233239E-01
0.227000E+02 -.212916E-01
0.227500E+02 -.187043E-01
0.228000E+02 -.155659E-01
0.228500E+02 -.118205E-01
0.229000E+02 -.710658E-02
0.229500E+02 -.223691E-02
0.230000E+02 0.152441E-02
0.230500E+02 0.507121E-02
0.231000E+02 0.106573E-01
0.231500E+02 0.181732E-01
0.232000E+02 0.246374E-01
0.232500E+02 0.281895E-01
0.233000E+02 0.301882E-01
0.233500E+02 0.332668E-01
0.234000E+02 0.375338E-01
0.234500E+02 0.406278E-01
0.235000E+02 0.408921E-01
0.235500E+02 0.387207E-01
0.236000E+02 0.354494E-01
0.236500E+02 0.318785E-01
0.237000E+02 0.280684E-01
0.237500E+02 0.235217E-01
0.238000E+02 0.176351E-01
0.238500E+02 0.107130E-01
0.239000E+02 0.369769E-02
0.239500E+02 -.247691E-02
0.240000E+02 -.767286E-02
0.240500E+02 -.125727E-01
0.241000E+02 -.176290E-01
0.241500E+02 -.223152E-01
0.242000E+02 -.258524E-01
0.242500E+02 -.280366E-01
0.243000E+02 -.294001E-01
0.243500E+02 -.305296E-01
0.244000E+02 -.315850E-01
0.244500E+02 -.321386E-01
0.245000E+02 -.317091E-01
0.245500E+02 -.302885E-01
0.246000E+02 -.280546E-01
0.246500E+02 -.250756E-01
0.247000E+02 -.211397E-01
0.247500E+02 -.161861E-01
0.248000E+02 -.104566E-01
0.248500E+02 -.428295E-02
0.249000E+02 0.208287E-02
0.249500E+02 0.837900E-02
0.250000E+02 0.137949E-01
0.250500E+02 0.178888E-01
0.251000E+02 0.220843E-01
0.251500E+02 0.269537E-01
0.252000E+02 0.303063E-01
0.252500E+02 0.307300E-01
0.253000E+02 0.305988E-01
0.253500E+02 0.320889E-01
0.254000E+02 0.339524E-01
0.254500E+02 0.341480E-01
0.255000E+02 0.328814E-01
0.255500E+02 0.318587E-01
0.256000E+02 0.312557E-01
0.256500E+02 0.301796E-01
0.257000E+02 0.282925E-01
0.257500E+02 0.263483E-01
0.258000E+02 0.247183E-01
0.258500E+02 0.217847E-01
0.259000E+02 0.167512E-01
0.259500E+02 0.124252E-01
0.260000E+02 0.108067E-01
0.260500E+02 0.815767E-02
0.261000E+02 0.105314E-02
0.261500E+02 -.741088E-02
0.262000E+02 -.126710E-01
0.262500E+02 -.157481E-01
0.263000E+02 -.200106E-01
0.263500E+02 -.258587E-01
0.264000E+02 -.312912E-01
0.264500E+02 -.353641E-01
0.265000E+02 -.381987E-01
0.265500E+02 -.398415E-01
0.266000E+02 -.404439E-01
0.266500E+02 -.404426E-01
0.267000E+02 -.410024E-01
0.267500E+02 -.414234E-01
0.268000E+02 -.391814E-01
0.268500E+02 -.340925E-01
0.269000E+02 -.298770E-01
0.269500E+02 -.285963E-01
0.270000E+02 -.276898E-01
0.270500E+02 -.241747E-01
0.271000E+02 -.188754E-01
0.271500E+02 -.136484E-01
0.272000E+02 -.886094E-02
0.272500E+02 -.364360E-02
0.273000E+02 0.232057E-02
0.273500E+02 0.904906E-02
0.274000E+02 0.163828E-01
0.274500E+02 0.238297E-01
0.275000E+02 0.307683E-01
0.275500E+02 0.365884E-01
0.276000E+02 0.413548E-01
0.276500E+02 0.460218E-01
0.277000E+02 0.509352E-01
0.277500E+02 0.546826E-01
0.278000E+02 0.553715E-01
0.278500E+02 0.536381E-01
0.279000E+02 0.519269E-01
0.279500E+02 0.508460E-01
0.280000E+02 0.485605E-01
0.280500E+02 0.443204E-01
0.281000E+02 0.389389E-01
0.281500E+02 0.332648E-01
0.282000E+02 0.274673E-01
0.282500E+02 0.215042E-01
0.283000E+02 0.153201E-01
0.283500E+02 0.893855E-02
0.284000E+02 0.259052E-02
0.284500E+02 -.351916E-02
0.285000E+02 -.921992E-02
0.285500E+02 -.144699E-01
0.286000E+02 -.193652E-01
0.286500E+02 -.241652E-01
0.287000E+02 -.286199E-01
0.287500E+02 -.321577E-01
0.288000E+02 -.345338E-01
0.288500E+02 -.360338E-01
0.289000E+02 -.367255E-01
0.289500E+02 -.363946E-01
0.290000E+02 -.350136E-01
0.290500E+02 -.327909E-01
0.291000E+02 -.299209E-01
0.291500E+02 -.266149E-01
0.292000E+02 -.232499E-01
0.292500E+02 -.203376E-01
0.293000E+02 -.179447E-01
0.293500E+02 -.149012E-01
0.294000E+02 -.107814E-01
0.294500E+02 -.754562E-02
0.295000E+02 -.648831E-02
0.295500E+02 -.554678E-02
0.296000E+02 -.306416E-02
0.296500E+02 -.115724E-04
0.297000E+02 0.251556E-02
0.297500E+02 0.427744E-02
0.298000E+02 0.535966E-02
0.298500E+02 0.618689E-02
0.299000E+02 0.720117E-02
0.299500E+02 0.866585E-02
0.300000E+02 0.103253E-01
0.300500E+02 0.109236E-01
0.301000E+02 0.969967E-02
0.301500E+02 0.850075E-02
0.302000E+02 0.973697E-02
0.302500E+02 0.119211E-01
0.303000E+02 0.120603E-01
0.303500E+02 0.111451E-01
0.304000E+02 0.113978E-01
0.304500E+02 0.123239E-01
0.305000E+02 0.133242E-01
0.305500E+02 0.145530E-01
0.306000E+02 0.158258E-01
0.306500E+02 0.170059E-01
0.307000E+02 0.179507E-01
0.307500E+02 0.187432E-01
0.308000E+02 0.197431E-01
0.308500E+02 0.208442E-01
0.309000E+02 0.211421E-01
0.309500E+02 0.201053E-01
0.310000E+02 0.185894E-01
0.310500E+02 0.174653E-01
0.311000E+02 0.160892E-01
0.311500E+02 0.135818E-01
0.312000E+02 0.103557E-01
0.312500E+02 0.710283E-02
0.313000E+02 0.372488E-02
0.313500E+02 0.131284E-03
0.314000E+02 -.355754E-02
0.314500E+02 -.717494E-02
0.315000E+02 -.107400E-01
0.315500E+02 -.146328E-01
0.316000E+02 -.184202E-01
0.316500E+02 -.211823E-01
0.317000E+02 -.231763E-01
0.317500E+02 -.256224E-01
0.318000E+02 -.283498E-01
0.318500E+02 -.299128E-01
0.319000E+02 -.302290E-01
0.319500E+02 -.301804E-01
0.320000E+02 -.298252E-01
0.320500E+02 -.287428E-01
0.321000E+02 -.270295E-01
0.321500E+02 -.248173E-01
0.322000E+02 -.220591E-01
0.322500E+02 -.182969E-01
0.323000E+02 -.139999E-01
0.323500E+02 -.103001E-01
0.324000E+02 -.670087E-02
0.324500E+02 -.192620E-02
0.325000E+02 0.359298E-02
0.325500E+02 0.845159E-02
0.326000E+02 0.122776E-01
0.326500E+02 0.156303E-01
0.327000E+02 0.188734E-01
0.327500E+02 0.221882E-01
0.328000E+02 0.252880E-01
0.328500E+02 0.274468E-01
0.329000E+02 0.281306E-01
0.329500E+02 0.274707E-01
0.330000E+02 0.264787E-01
0.330500E+02 0.266138E-01
0.331000E+02 0.272568E-01
0.331500E+02 0.258501E-01
0.332000E+02 0.217925E-01
0.332500E+02 0.178224E-01
0.333000E+02 0.156832E-01
0.333500E+02 0.139351E-01
0.334000E+02 0.110592E-01
0.334500E+02 0.747911E-02
0.335000E+02 0.401575E-02
0.335500E+02 0.973237E-03
0.336000E+02 -.166897E-02
0.336500E+02 -.397210E-02
0.337000E+02 -.599521E-02
0.337500E+02 -.809851E-02
0.338000E+02 -.107635E-01
0.338500E+02 -.134347E-01
0.339000E+02 -.145512E-01
0.339500E+02 -.142197E-01
0.340000E+02 -.143651E-01
0.340500E+02 -.157249E-01
0.341000E+02 -.168037E-01
0.341500E+02 -.166056E-01
0.342000E+02 -.158731E-01
0.342500E+02 -.153719E-01
0.343000E+02 -.150552E-01
0.343500E+02 -.147836E-01
0.344000E+02 -.143164E-01
0.344500E+02 -.134189E-01
0.345000E+02 -.120388E-01
0.345500E+02 -.103334E-01
0.346000E+02 -.868202E-02
0.346500E+02 -.715601E-02
0.347000E+02 -.537429E-02
0.347500E+02 -.305674E-02
0.348000E+02 -.396045E-03
0.348500E+02 0.200084E-02
0.349000E+02 0.330178E-02
0.349500E+02 0.369226E-02
0.350000E+02 0.461282E-02
0.350500E+02 0.667573E-02
0.351000E+02 0.851130E-02
0.351500E+02 0.887200E-02
0.352000E+02 0.853325E-02
0.352500E+02 0.901611E-02
0.353000E+02 0.101061E-01
0.353500E+02 0.107527E-01
0.354000E+02 0.107542E-01
0.354500E+02 0.105642E-01
0.355000E+02 0.102036E-01
0.355500E+02 0.965646E-02
0.356000E+02 0.902835E-02
0.356500E+02 0.839108E-02
0.357000E+02 0.765189E-02
0.357500E+02 0.631782E-02
0.358000E+02 0.433646E-02
0.358500E+02 0.276844E-02
0.359000E+02 0.257828E-02
0.359500E+02 0.268890E-02
0.360000E+02 0.135335E-02
0.360500E+02 -.134829E-02
0.361000E+02 -.340458E-02
0.361500E+02 -.376354E-02
0.362000E+02 -.361411E-02
0.362500E+02 -.427729E-02
0.363000E+02 -.569159E-02
0.363500E+02 -.729807E-02
0.364000E+02 -.851303E-02
0.364500E+02 -.881257E-02
0.365000E+02 -.835047E-02
0.365500E+02 -.801824E-02
0.366000E+02 -.876130E-02
0.366500E+02 -.103727E-01
0.367000E+02 -.109714E-01
0.367500E+02 -.964553E-02
0.368000E+02 -.756672E-02
0.368500E+02 -.685620E-02
0.369000E+02 -.782907E-02
0.369500E+02 -.850479E-02
0.370000E+02 -.726926E-02
0.370500E+02 -.472209E-02
0.371000E+02 -.262225E-02
0.371500E+02 -.211721E-02
0.372000E+02 -.242234E-02
0.372500E+02 -.204606E-02
0.373000E+02 -.414346E-03
0.373500E+02 0.167522E-02
0.374000E+02 0.302853E-02
0.374500E+02 0.356344E-02
0.375000E+02 0.392746E-02
0.375500E+02 0.462670E-02
0.376000E+02 0.558313E-02
0.376500E+02 0.648536E-02
0.377000E+02 0.702639E-02
0.377500E+02 0.704810E-02
0.378000E+02 0.662290E-02
0.378500E+02 0.628119E-02
0.379000E+02 0.628855E-02
0.379500E+02 0.621141E-02
0.380000E+02 0.538305E-02
0.380500E+02 0.406383E-02
0.381000E+02 0.309425E-02
0.381500E+02 0.253133E-02
0.382000E+02 0.193394E-02
0.382500E+02 0.109132E-02
0.383000E+02 0.223673E-03
0.383500E+02 -.511592E-03
0.384000E+02 -.113323E-02
0.384500E+02 -.168279E-02
0.385000E+02 -.218189E-02
0.385500E+02 -.262629E-02
0.386000E+02 -.310848E-02
0.386500E+02 -.391952E-02
0.387000E+02 -.462665E-02
0.387500E+02 -.439805E-02
0.388000E+02 -.365726E-02
0.388500E+02 -.393060E-02
0.389000E+02 -.532981E-02
0.389500E+02 -.591000E-02
0.390000E+02 -.498938E-02
0.390500E+02 -.428594E-02
0.391000E+02 -.471868E-02
0.391500E+02 -.543369E-02
0.392000E+02 -.579041E-02
0.392500E+02 -.589466E-02
0.393000E+02 -.578202E-02
0.393500E+02 -.550578E-02
0.394000E+02 -.508923E-02
0.394500E+02 -.521222E-02
0.395000E+02 -.604336E-02
0.395500E+02 -.617591E-02
0.396000E+02 -.461942E-02
0.396500E+02 -.301637E-02
0.397000E+02 -.290484E-02
0.397500E+02 -.367234E-02
0.398000E+02 -.380530E-02
0.398500E+02 -.302656E-02
0.399000E+02 -.202357E-02
0.399500E+02 -.153824E-02
0.400000E+02 -.164055E-02
0.400500E+02 -.177966E-02
0.401000E+02 -.154394E-02
0.401500E+02 -.101276E-02
0.402000E+02 -.367726E-03
0.402500E+02 0.282017E-04
0.403000E+02 -.594310E-05
0.403500E+02 -.136365E-03
0.404000E+02 0.122914E-03
0.404500E+02 0.828210E-03
0.405000E+02 0.153813E-02
0.405500E+02 0.176397E-02
0.406000E+02 0.139482E-02
0.406500E+02 0.908152E-03
0.407000E+02 0.101294E-02
0.407500E+02 0.167183E-02
0.408000E+02 0.202687E-02
0.408500E+02 0.135327E-02
0.409000E+02 0.188214E-03
0.409500E+02 -.581131E-03
0.410000E+02 -.500815E-03
0.410500E+02 -.139857E-03
0.411000E+02 -.325498E-03
0.411500E+02 -.125882E-02
0.412000E+02 -.225457E-02
0.412500E+02 -.253977E-02
0.413000E+02 -.227456E-02
0.413500E+02 -.209231E-02
0.414000E+02 -.233014E-02
0.414500E+02 -.264828E-02
0.415000E+02 -.272748E-02
0.415500E+02 -.251239E-02
0.416000E+02 -.215671E-02
0.416500E+02 -.178312E-02
0.417000E+02 -.142479E-02
0.417500E+02 -.111231E-02
0.418000E+02 -.861753E-03
0.418500E+02 -.650085E-03
0.419000E+02 -.494753E-03
0.419500E+02 -.706794E-03
0.420000E+02 -.143593E-02
0.420500E+02 -.234095E-02
0.421000E+02 -.269109E-02
0.421500E+02 -.252938E-02
0.422000E+02 -.275078E-02
0.422500E+02 -.338515E-02
0.423000E+02 -.372121E-02
0.423500E+02 -.376945E-02
0.424000E+02 -.381818E-02
0.424500E+02 -.389643E-02
0.425000E+02 -.407977E-02
0.425500E+02 -.435879E-02
0.426000E+02 -.481222E-02
0.426500E+02 -.579715E-02
0.427000E+02 -.630621E-02
0.427500E+02 -.520820E-02
0.428000E+02 -.437823E-02
0.428500E+02 -.603335E-02
0.429000E+02 -.807660E-02
0.429500E+02 -.729521E-02
0.430000E+02 -.461138E-02
0.430500E+02 -.361387E-02
0.431000E+02 -.436549E-02
0.431500E+02 -.457041E-02
0.432000E+02 -.384832E-02
0.432500E+02 -.316096E-02
0.433000E+02 -.266975E-02
0.433500E+02 -.215016E-02
0.434000E+02 -.179955E-02
0.434500E+02 -.198135E-02
0.435000E+02 -.266280E-02
0.435500E+02 -.233193E-02
0.436000E+02 -.657629E-04
0.436500E+02 0.142318E-02
0.437000E+02 -.263550E-03
0.437500E+02 -.244643E-02
0.438000E+02 -.163211E-02
0.438500E+02 0.865795E-03
0.439000E+02 0.156836E-02
0.439500E+02 0.364088E-03
0.440000E+02 -.578609E-03
0.440500E+02 -.696699E-03
0.441000E+02 -.689902E-03
0.441500E+02 -.571991E-03
0.442000E+02 -.504258E-03
0.442500E+02 -.643943E-03
0.443000E+02 -.121296E-02
0.443500E+02 -.210319E-02
0.444000E+02 -.234100E-02
0.444500E+02 -.153498E-02
0.445000E+02 -.121081E-02
0.445500E+02 -.205869E-02
0.446000E+02 -.286540E-02
0.446500E+02 -.269543E-02
0.447000E+02 -.226449E-02
0.447500E+02 -.229596E-02
0.448000E+02 -.250523E-02
0.448500E+02 -.274101E-02
0.449000E+02 -.290282E-02
0.449500E+02 -.298163E-02
0.450000E+02 -.287790E-02
0.450500E+02 -.269227E-02
0.451000E+02 -.273814E-02
0.451500E+02 -.295411E-02
0.452000E+02 -.297919E-02
0.452500E+02 -.276011E-02
0.453000E+02 -.256250E-02
0.453500E+02 -.251103E-02
0.454000E+02 -.253912E-02
0.454500E+02 -.266681E-02
0.455000E+02 -.281555E-02
0.455500E+02 -.273147E-02
0.456000E+02 -.226936E-02
0.456500E+02 -.204967E-02
0.457000E+02 -.293248E-02
0.457500E+02 -.432781E-02
0.458000E+02 -.436681E-02
0.458500E+02 -.282630E-02
0.459000E+02 -.195645E-02
0.459500E+02 -.294282E-02
0.460000E+02 -.407339E-02
0.460500E+02 -.419835E-02
0.461000E+02 -.402623E-02
0.461500E+02 -.434637E-02
0.462000E+02 -.506405E-02
0.462500E+02 -.605000E-02
0.463000E+02 -.696198E-02
0.463500E+02 -.740486E-02
0.464000E+02 -.691335E-02
0.464500E+02 -.563562E-02
0.465000E+02 -.476821E-02
0.465500E+02 -.548967E-02
0.466000E+02 -.673311E-02
0.466500E+02 -.577667E-02
0.467000E+02 -.294114E-02
0.467500E+02 -.173395E-02
0.468000E+02 -.337503E-02
0.468500E+02 -.485591E-02
0.469000E+02 -.463271E-02
0.469500E+02 -.391733E-02
0.470000E+02 -.363193E-02
0.470500E+02 -.351513E-02
0.471000E+02 -.363634E-02
0.471500E+02 -.383422E-02
0.472000E+02 -.395496E-02
0.472500E+02 -.357823E-02
0.473000E+02 -.249836E-02
0.473500E+02 -.143454E-02
0.474000E+02 -.152573E-02
0.474500E+02 -.250358E-02
0.475000E+02 -.262634E-02
0.475500E+02 -.114751E-02
0.476000E+02 0.216411E-03
0.476500E+02 -.863441E-04
0.477000E+02 -.131004E-02
0.477500E+02 -.168395E-02
0.478000E+02 -.109840E-02
0.478500E+02 -.638103E-03
0.479000E+02 -.843732E-03
0.479500E+02 -.130722E-02
0.480000E+02 -.166024E-02
0.480500E+02 -.188897E-02
0.481000E+02 -.202010E-02
0.481500E+02 -.208512E-02
0.482000E+02 -.215364E-02
0.482500E+02 -.230583E-02
0.483000E+02 -.280279E-02
0.483500E+02 -.337246E-02
0.484000E+02 -.325547E-02
0.484500E+02 -.285011E-02
0.485000E+02 -.350940E-02
0.485500E+02 -.505206E-02
0.486000E+02 -.606337E-02
0.486500E+02 -.616937E-02
0.487000E+02 -.621572E-02
0.487500E+02 -.669553E-02
0.488000E+02 -.708355E-02
0.488500E+02 -.707999E-02
0.489000E+02 -.688597E-02
0.489500E+02 -.667374E-02
0.490000E+02 -.641983E-02
0.490500E+02 -.620370E-02
0.491000E+02 -.621832E-02
0.491500E+02 -.662099E-02
0.492000E+02 -.688512E-02
0.492500E+02 -.615191E-02
0.493000E+02 -.484214E-02
0.493500E+02 -.450762E-02
0.494000E+02 -.541331E-02
0.494500E+02 -.548729E-02
0.495000E+02 -.370468E-02
0.495500E+02 -.159143E-02
0.496000E+02 -.804313E-03
0.496500E+02 -.939037E-03
0.497000E+02 -.926735E-03
0.497500E+02 -.456641E-03
0.498000E+02 0.802403E-04
0.498500E+02 0.440657E-03
0.499000E+02 0.328989E-03
0.499500E+02 -.369677E-03
0.500000E+02 -.151203E-02
