   135.830002      0.366210759    
   135.839996      0.338955611    
   135.849991      0.326026887    
   135.860001      0.334692627    
   135.869995      0.352652997    
   135.879990      0.365581691    
   135.889999      0.364882797    
   135.899994      0.350905806    
   135.910004      0.336160064    
   135.919998      0.335740715    
   135.929993      0.350486398    
   135.940002      0.378230661    
   135.949997      0.386966228    
   135.959991      0.383122534    
   135.970001      0.388783157    
   135.979996      0.395492077    
   135.989990      0.394373894    
   136.000000      0.388713181    
   136.009995      0.384869516    
   136.020004      0.380816162    
   136.029999      0.384030819    
   136.039993      0.398147523    
   136.050003      0.412893206    
   136.059998      0.408979625    
   136.069992      0.391368598    
   136.080002      0.373268366    
   136.089996      0.362645835    
   136.099991      0.356775492    
   136.110001      0.352232933    
   136.119995      0.350415945    
   136.129990      0.339234352    
   136.139999      0.329729974    
   136.149994      0.317849487    
   136.160004      0.305759370    
   136.169998      0.304571301    
   136.179993      0.290314764    
   136.190002      0.260823309    
   136.199997      0.223085433    
   136.209991      0.192545712    
   136.220001      0.186885014    
   136.229996      0.183041304    
   136.239990      0.158441797    
   136.250000      0.122451052    
   136.259995      0.101974748    
   136.270004       9.20510590E-02
   136.279999       7.26230517E-02
   136.289993       6.37476370E-02
   136.300003       6.02533668E-02
   136.309998       5.13779558E-02
   136.319992       5.29852696E-02
   136.330002       5.81567250E-02
   136.339996       5.78072704E-02
   136.349991       5.15175983E-02
   136.360001       4.32711579E-02
   136.369995       3.27185094E-02
   136.379990       2.39828713E-02
   136.389999       1.80426277E-02
   136.399994       9.51664057E-03
   136.410004      -1.59508805E-03
   136.419998      -1.73192136E-02
   136.429993      -1.90663692E-02
   136.440002      -8.02458730E-03
   136.449997       4.06546844E-03
   136.459991       1.41987484E-02
   136.470001       1.48276836E-02
   136.479996       1.30106434E-02
   136.489990       6.02212222E-03
   136.500000       9.93564725E-03
   136.509995       2.36330498E-02
   136.520004       2.79658847E-02
   136.529999       2.90141292E-02
   136.539993       2.27244608E-02
   136.550003       1.79023761E-02
   136.559998       1.35694863E-02
   136.569992       2.21436174E-04
   136.580002      -9.00339521E-03
   136.589996      -1.37556000E-02
   136.599991      -1.94163043E-02
   136.610001      -2.26310361E-02
   136.619995      -2.73133535E-02
   136.629990      -3.22752073E-02
   136.639999      -3.74467224E-02
   136.649994      -4.40858155E-02
   136.660004      -6.01593740E-02
   136.669998      -8.97905752E-02
   136.679993     -0.109498151    
   136.690002     -0.126480207    
   136.699997     -0.147445694    
   136.709991     -0.172184974    
   136.720001     -0.201047450    
   136.729996     -0.220824912    
   136.739990     -0.232565597    
   136.750000     -0.236409307    
   136.759995     -0.231377631    
   136.770004     -0.220825046    
   136.779999     -0.225088030    
   136.789993     -0.236339539    
   136.800003     -0.251784116    
   136.809998     -0.262965739    
   136.819992     -0.259890854    
   136.830002     -0.264014065    
   136.839996     -0.271072477    
   136.849991     -0.292876601    
   136.860001     -0.311955214    
   136.869995     -0.321878910    
   136.879990     -0.334877491    
   136.889999     -0.346757948    
   136.899994     -0.359337240    
   136.910004     -0.364368975    
   136.919998     -0.382818609    
   136.929993     -0.392951965    
   136.940002     -0.375620544    
   136.949997     -0.359337389    
   136.959991     -0.352418840    
   136.970001     -0.353257477    
   136.979996     -0.351789951    
   136.989990     -0.343124241    
   137.000000     -0.318105489    
   137.009995     -0.278900087    
   137.020004     -0.257655114    
   137.029999     -0.263455600    
   137.039993     -0.271073073    
   137.050003     -0.268976569    
   137.059998     -0.257235944    
   137.069992     -0.242210716    
   137.080002     -0.241791442    
   137.089996     -0.256047964    
   137.099991     -0.271282911    
   137.110001     -0.279808879    
   137.119995     -0.275056750    
   137.129990     -0.261778653    
   137.139999     -0.255908370    
   137.149994     -0.262687206    
   137.160004     -0.272541016    
   137.169998     -0.261359453    
   137.179993     -0.245355859    
   137.190002     -0.249618873    
   137.199997     -0.262617499    
   137.209991     -0.288125485    
   137.220001     -0.309091002    
   137.229996     -0.317896515    
   137.239990     -0.321390808    
   137.250000     -0.308182597    
   137.259995     -0.302941263    
   137.270004     -0.329078197    
   137.279999     -0.371218830    
   137.289993     -0.393372357    
   137.300003     -0.391695172    
   137.309998     -0.390996337    
   137.319992     -0.402527392    
   137.330002     -0.417762309    
   137.339996     -0.428594500    
   137.349991     -0.435093850    
   137.360001     -0.428524703    
   137.369995     -0.436281949    
   137.379990     -0.460252464    
   137.389999     -0.489953578    
   137.399994     -0.515321791    
   137.410004     -0.514483213    
   137.419998     -0.508682787    
   137.429993     -0.497640997    
   137.440002     -0.501205146    
   137.449997     -0.514972508    
   137.459991     -0.515741289    
   137.470001     -0.508752823    
   137.479996     -0.482615918    
   137.489990     -0.454592139    
   137.500000     -0.431879580    
   137.509995     -0.418950886    
   137.520004     -0.415247023    
   137.529999     -0.402737647    
   137.539993     -0.383938640    
   137.550003     -0.373386085    
   137.559998     -0.365139693    
   137.569992     -0.353399068    
   137.580002     -0.347039580    
   137.589996     -0.337115943    
   137.599991     -0.324886143    
   137.610001     -0.317827791    
   137.619995     -0.315591514    
   137.629990     -0.305038929    
   137.639999     -0.289524496    
   137.649994     -0.278762221    
   137.660004     -0.267930120    
   137.669998     -0.258915007    
   137.679993     -0.256608844    
   137.690002     -0.260033220    
   137.699997     -0.257517397    
   137.709991     -0.254232854    
   137.720001     -0.245427385    
   137.729996     -0.236901447    
   137.739990     -0.239417359    
   137.750000     -0.238928154    
   137.759995     -0.230192587    
   137.770004     -0.221596777    
   137.779999     -0.218451992    
   137.789993     -0.205173880    
   137.800003     -0.186654419    
   137.809998     -0.170580938    
   137.819992     -0.160447657    
   137.830002     -0.158980116    
   137.839996     -0.160238072    
   137.849991     -0.154717207    
   137.860001     -0.140600473    
   137.869995     -0.142417505    
   137.879990     -0.150174752    
   137.889999     -0.143955037    
   137.899994     -0.129768446    
   137.910004     -0.115232423    
   137.919998      -9.73419175E-02
   137.929993      -6.83397278E-02
   137.940002      -3.19297351E-02
   137.949997       3.78141017E-03
   137.959991       2.46769618E-02
   137.970001       4.17987257E-02
   137.979996       6.76560998E-02
   137.989990       9.38628986E-02
   138.000000      0.121607170    
   138.009995      0.157318309    
   138.020004      0.197991267    
   138.029999      0.226015076    
   138.039993      0.240690872    
   138.050003      0.244394735    
   138.059998      0.244744137    
   138.069992      0.261306822    
   138.080002      0.290029496    
   138.089996      0.316306174    
   138.099991      0.317913473    
   138.110001      0.297297418    
   138.119995      0.263263434    
   138.129990      0.233632207    
   138.139999      0.231535643    
   138.149994      0.231885046    
   138.160004      0.218327343    
   138.169998      0.181288332    
   138.179993      0.150608838    
   138.190002      0.145437330    
   138.199997      0.142641917    
   138.209991      0.144598633    
   138.220001      0.125100747    
   138.229996       8.71532336E-02
   138.239990       4.82972004E-02
   138.250000       1.58705916E-02
   138.259995       6.71563763E-03
   138.270004       5.73722087E-03
   138.279999      -2.64899293E-03
   138.289993      -2.39639077E-02
   138.300003      -4.53487150E-02
   138.309998      -4.54885140E-02
   138.319992      -2.49423906E-02
   138.330002      -4.04684152E-03
   138.339996       5.17793372E-03
   138.349991       5.59721002E-03
   138.360001       4.89833253E-03
   138.369995       7.13462057E-03
   138.379990       2.09019128E-02
   138.389999       3.96310315E-02
   138.399994       3.79537605E-02
   138.410004       2.63528395E-02
   138.419998       1.48218069E-02
   138.429993       1.18167242E-02
   138.440002       1.11178467E-02
   138.449997      -7.12213619E-03
   138.459991      -2.20076442E-02
   138.470001      -2.96950080E-02
   138.479996      -3.90596166E-02
   138.489990      -4.05272320E-02
   138.500000      -2.82275192E-02
   138.509995      -1.48096569E-02
   138.520004      -1.26432534E-02
   138.529999      -1.34819010E-02
   138.539993      -1.36216991E-02
   138.550003      -1.18746059E-02
   138.559998      -6.56338874E-03
   138.569992      -8.31054244E-03
   138.580002      -1.90728419E-02
   138.589996      -1.59280561E-02
   138.599991       1.89255911E-03
   138.610001       2.61425823E-02
   138.619995       6.30417690E-02
   138.629990       9.20439735E-02
   138.639999      0.114616752    
   138.649994      0.152703956    
   138.660004      0.196521759    
   138.669998      0.233141392    
   138.679993      0.263960600    
   138.690002      0.291425347    
   138.699997      0.309944808    
   138.709991      0.329093218    
   138.720001      0.349359840    
   138.729996      0.366551489    
   138.739990      0.390801489    
   138.750000      0.405057967    
   138.759995      0.404778391    
   138.770004      0.396462113    
   138.779999      0.392268986    
   138.789993      0.410159469    
   138.800003      0.435038447    
   138.809998      0.458449870    
   138.819992      0.467185438    
   138.830002      0.458310008    
   138.839996      0.452299893    
   138.849991      0.443005174    
   138.860001      0.429796875    
   138.869995      0.422738492    
   138.879990      0.405896187    
   138.889999      0.384790927    
   138.899994      0.375775784    
   138.910004      0.369975269    
   138.919998      0.366131604    
   138.929993      0.369346261    
   138.940002      0.380737454    
   138.949997      0.382973731    
   138.959991      0.379898787    
   138.970001      0.385349751    
   138.979996      0.395203531    
   138.989990      0.403310150    
   139.000000      0.392338187    
   139.009995      0.366410851    
   139.020004      0.347751558    
   139.029999      0.353552014    
   139.039993      0.362846673    
   139.050003      0.367948234    
   139.059998      0.379688859    
   139.069992      0.380038232    
   139.080002      0.378640503    
   139.089996      0.388843656    
   139.099991      0.401702434    
   139.110001      0.402121723    
   139.119995      0.393316180    
   139.129990      0.370254159    
   139.139999      0.331677705    
   139.149994      0.313088298    
   139.160004      0.309034914    
   139.169998      0.304422498    
   139.179993      0.294009596    
   139.190002      0.266544819    
   139.199997      0.233908549    
   139.209991      0.202460319    
   139.220001      0.186666295    
   139.229996      0.183311790    
   139.239990      0.174226716    
   139.250000      0.162066713    
   139.259995      0.140821710    
   139.270004      0.126285627    
   139.279999      0.119227231    
   139.289993      0.106647916    
   139.300003       8.88272449E-02
   139.309998       6.57652020E-02
   139.319992       5.76585196E-02
   139.330002       5.73090650E-02
   139.339996       5.89163862E-02
   139.349991       5.75186610E-02
   139.360001       4.75949794E-02
   139.369995       3.20805088E-02
   139.379990       2.04795897E-02
   139.389999       3.25696431E-02
   139.399994       4.36114222E-02
   139.410004       5.16481474E-02
   139.419998       5.48628233E-02
   139.429993       5.12287803E-02
   139.440002       5.27662188E-02
   139.449997       4.47294228E-02
   139.459991       4.32618149E-02
   139.470001       5.01803905E-02
   139.479996       5.84267750E-02
   139.489990       5.43734170E-02
   139.500000       2.96341442E-02
   139.509995       2.47421749E-02
   139.520004       4.10952047E-02
   139.529999       5.91254681E-02
   139.539993       7.03070238E-02
   139.550003       7.31722862E-02
   139.559998       9.21809450E-02
   139.569992      0.122021742    
   139.580002      0.159549892    
   139.589996      0.187573701    
   139.599991      0.184009537    
   139.610001      0.188412249    
   139.619995      0.205883428    
   139.629990      0.221887052    
   139.639999      0.237052038    
   139.649994      0.246067151    
   139.660004      0.250260204    
   139.669998      0.254802704    
   139.679993      0.265564948    
   139.690002      0.278563499    
   139.699997      0.284433812    
   139.709991      0.282407105    
   139.720001      0.283455342    
   139.729996      0.278213948    
   139.739990      0.261581331    
   139.750000      0.242293060    
   139.759995      0.218671948    
   139.770004      0.191766247    
   139.779999      0.160946980    
   139.789993      0.124676704    
   139.800003       9.27392989E-02
   139.809998       7.31715038E-02
   139.819992       6.25489578E-02
   139.830002       5.15071154E-02
   139.839996       3.29177119E-02
   139.849991       5.38303610E-03
   139.860001      -3.59189585E-02
   139.869995      -7.28880763E-02
   139.879990     -0.106083423    
   139.889999     -0.129984081    
   139.899994     -0.138510078    
   139.910004     -0.167093039    
   139.919998     -0.198541269    
   139.929993     -0.207696229    
   139.940002     -0.203642920    
   139.949997     -0.213007525    
   139.959991     -0.236768395    
   139.970001     -0.240192801    
   139.979996     -0.237537205    
   139.989990     -0.270103604    
   140.000000     -0.302390426    
   140.009995     -0.224748358    
   140.020004      -5.61161712E-02
   140.029999      -3.62688974E-02
   140.039993     -0.193929225    
   140.050003     -0.269963980    
   140.059998     -0.256336480    
   140.069992     -0.261158556    
   140.080002     -0.262067109    
   140.089996     -0.228382602    
   140.099991     -0.196375370    
   140.110001     -0.236000121    
   140.119995     -0.303508937    
   140.129990     -0.310497463    
   140.139999     -0.244036973    
   140.149994     -0.215663746    
   140.160004     -0.284430504    
   140.169998     -0.362981111    
   140.179993     -0.372834921    
   140.190002     -0.330344945    
   140.199997     -0.320491195    
   140.209991     -0.368572026    
   140.220001     -0.408965528    
   140.229996     -0.395198226    
   140.239990     -0.374372572    
   140.250000     -0.370668709    
   140.259995     -0.366894960    
   140.270004     -0.353616863    
   140.279999     -0.345370501    
   140.289993     -0.348585159    
   140.300003     -0.324474901    
   140.309998     -0.290371120    
   140.319992     -0.301692516    
   140.330002     -0.349983007    
   140.339996     -0.378565937    
   140.349991     -0.363331079    
   140.360001     -0.305606186    
   140.369995     -0.267309338    
   140.379990     -0.276953459    
   140.389999     -0.287715763    
   140.399994     -0.274228036    
   140.410004     -0.235721499    
   140.419998     -0.201408044    
   140.429993     -0.185753867    
   140.440002     -0.209305093    
   140.449997     -0.237468734    
   140.459991     -0.230550170    
   140.470001     -0.203784287    
   140.479996     -0.179254711    
   140.489990     -0.173803732    
   140.500000     -0.166256189    
   140.509995     -0.145150989    
   140.520004     -0.110488094    
   140.529999      -8.85442793E-02
   140.539993      -8.22546706E-02
   140.550003      -7.89002329E-02
   140.559998      -7.21214265E-02
   140.569992      -5.40212803E-02
   140.580002      -3.01206838E-02
   140.589996       6.91827480E-03
   140.599991       4.46560793E-02
   140.610001       6.78578317E-02
   140.619995       6.59010261E-02
   140.629990       5.78642301E-02
   140.639999       6.60407320E-02
   140.649994       8.49795192E-02
   140.660004       9.67900306E-02
   140.669998       9.53922868E-02
   140.679993       8.05067718E-02
   140.690002       5.40203862E-02
   140.699997       4.10916507E-02
   140.709991       4.26290855E-02
   140.720001       5.09453565E-02
   140.729996       3.69683541E-02
   140.739990       3.91277112E-03
   140.750000      -2.21543163E-02
   140.759995      -4.46572788E-02
   140.770004      -5.97524419E-02
   140.779999      -6.75096959E-02
   140.789993      -8.21855441E-02
   140.800003     -0.117687099    
   140.809998     -0.157451615    
   140.819992     -0.190646991    
   140.830002     -0.196447447    
   140.839996     -0.195049793    
   140.849991     -0.215106785    
   140.860001     -0.229712754    
   140.869995     -0.240684703    
   140.879990     -0.242431849    
   140.889999     -0.224401578    
   140.899994     -0.206860498    
   140.910004     -0.205183297    
   140.919998     -0.208537817    
   140.929993     -0.208537847    
   140.940002     -0.187013313    
   140.949997     -0.157382160    
   140.959991     -0.138163850    
   140.970001     -0.117897257    
   140.979996     -0.102802157    
   140.989990      -9.01530311E-02
   141.000000     -0.100775562    
   141.009995     -0.123837598    
   141.020004     -0.132503346    
   141.029999     -0.113075383    
   141.039993      -5.44420071E-02
   141.050003      -9.10213857E-04
   141.059998       1.27173094E-02
   141.069992      -1.67741459E-02
   141.080002      -7.50581697E-02
   141.089996     -0.127751395    
   141.099991     -0.144034609    
   141.110001     -0.136976257    
   141.119995     -0.140889838    
   141.129990     -0.163113266    
   141.139999     -0.190368384    
   141.149994     -0.209726542    
   141.160004     -0.214478746    
   141.169998     -0.220978066    
   141.179993     -0.232369334    
   141.190002     -0.231600627    
   141.199997     -0.242572576    
   141.209991     -0.254453033    
   141.220001     -0.253963888    
   141.229996     -0.253754258    
   141.239990     -0.265285313    
   141.250000     -0.281358868    
   141.259995     -0.250050455    
   141.270004     -0.185267180    
   141.279999     -0.132853568    
   141.289993     -0.114683516    
   141.300003     -0.120693654    
   141.309998     -0.113215998    
   141.319992      -7.68759027E-02
   141.330002      -2.76769698E-02
   141.339996      -2.23890180E-03
   141.349991       3.21209035E-03
   141.360001       2.23605130E-02
   141.369995       6.13562465E-02
   141.379990       8.67244303E-02
   141.389999       8.99391100E-02
   141.399994       8.28807056E-02
   141.410004       8.22517052E-02
   141.419998      0.102937602    
   141.429993      0.111743063    
   141.440002      0.121526912    
   141.449997      0.144029811    
   141.459991      0.142981514    
   141.470001      0.106361806    
   141.479996       6.96023330E-02
   141.489990       8.56059417E-02
   141.500000      0.108877569    
   141.509995       8.53263438E-02
   141.520004       4.14386019E-02
   141.529999       2.44565494E-02
   141.539993       3.30523588E-02
   141.550003       2.57843044E-02
   141.559998       2.06127930E-02
   141.569992       2.45263111E-02
   141.580002       2.48757061E-02
   141.589996       1.73281133E-02
   141.599991       6.00672839E-03
   141.610001       1.34843830E-02
   141.619995       2.26392709E-02
   141.629990       2.63431426E-02
   141.639999       3.36111411E-02
   141.649994       3.64065059E-02
   141.660004       2.97674071E-02
   141.669998       2.81600263E-02
   141.679993       2.71117240E-02
   141.690002       1.85158495E-02
   141.699997       1.11080268E-02
   141.709991       1.39399967E-03
   141.720001      -6.36325078E-03
   141.729996      -2.18777228E-02
   141.739990      -2.02704072E-02
   141.750000      -5.03553217E-03
   141.759995      -2.86912941E-03
   141.770004       1.57202166E-02
   141.779999       2.87187733E-02
   141.789993       2.82295514E-02
   141.800003       3.38203125E-02
   141.809998       4.15775068E-02
   141.819992       4.82165329E-02
   141.830002       4.32546809E-02
   141.839996       3.50781195E-02
   141.849991       4.31847312E-02
   141.860001       6.89023435E-02
   141.869995       9.11256969E-02
   141.879990       9.88130122E-02
   141.889999      0.102307230    
   141.899994      0.107408792    
   141.910004      0.112720013    
   141.919998      0.116284102    
   141.929993      0.104822949    
   141.940002       8.95880163E-02
   141.949997       8.79107565E-02
   141.959991       9.48293358E-02
   141.970001      0.107478462    
   141.979996      0.106500044    
   141.989990      0.112579994    
   142.000000      0.127605215    
   142.009995      0.125019446    
   142.020004      0.130680084    
   142.029999      0.139415681    
   142.039993      0.150527313    
   142.050003      0.159891874    
   142.059998      0.151016459    
   142.069992      0.146613687    
   142.080002      0.158004895    
   142.089996      0.182324797    
   142.099991      0.193785891    
   142.110001      0.178271413    
   142.119995      0.150317430    
   142.129990      0.114466466    
   142.139999       8.72812197E-02
   142.149994       7.71478936E-02
   142.160004       7.35138431E-02
   142.169998       8.02926421E-02
   142.179993       7.98733011E-02
   142.190002       6.49179071E-02
   142.199997       4.17160951E-02
   142.209991       1.85841732E-02
   142.220001       1.63478274E-02
   142.229996       1.06871231E-02
   142.239990       6.98319031E-03
   142.250000       6.00476936E-03
   142.259995       1.32245407E-03
   142.270004       1.36920502E-02
   142.279999       2.22878605E-02
   142.289993       1.57885402E-02
   142.300003       5.44554321E-03
   142.309998       7.63227872E-04
   142.319992      -1.41222831E-02
   142.330002      -2.64220554E-02
   142.339996      -2.11807191E-02
   142.349991      -2.12506317E-02
   142.360001      -3.27117778E-02
   142.369995      -4.29848917E-02
   142.379990      -4.40331995E-02
   142.389999      -3.69748510E-02
   142.399994      -1.66383758E-02
   142.410004      -1.16067016E-02
   142.419998      -2.66319811E-02
   142.429993      -4.14476059E-02
   142.440002      -3.55773009E-02
   142.449997      -5.38706267E-03
   142.459991       2.89962701E-02
   142.470001       5.84876500E-02
   142.479996       6.21915199E-02
   142.489990       7.45611191E-02
   142.500000      0.113207422    
   142.509995      0.153740615    
   142.520004      0.188822791    
   142.529999      0.216497183    
   142.539993      0.241585821    
   142.550003      0.262411475    
   142.559998      0.278834403    
   142.569992      0.284634829    
   142.580002      0.279044002    
   142.589996      0.260524482    
   142.599991      0.236553937    
   142.610001      0.214400396    
   142.619995      0.211115777    
   142.629990      0.217894569    
   142.639999      0.207481682    
   142.649994      0.183720812    
   142.660004      0.148359016    
   142.669998      0.133962721    
   142.679993      0.127044097    
   142.690002      0.113905698    
   142.699997      0.109572813    
   142.709991      0.107196689    
   142.720001      0.110271603    
   142.729996      0.104820557    
   142.739990      0.105379596    
   142.750000      0.114604369    
   142.759995      0.127323389    
   142.770004      0.132914141    
   142.779999      0.123479664    
   142.789993      0.121383086    
   142.800003      0.121103518    
   142.809998      0.131865755    
   142.819992      0.148358539    
   142.830002      0.160867915    
   142.839996      0.171769932    
   142.849991      0.180645287    
   142.860001      0.196718767    
   142.869995      0.209647432    
   142.879990      0.219081864    
   142.889999      0.233338341    
   142.899994      0.239697844    
   142.910004      0.234735966    
   142.919998      0.241934091    
   142.929993      0.254094034    
   142.940002      0.257728010    
   142.949997      0.250529826    
   142.959991      0.232080221    
   142.970001      0.224183202    
   142.979996      0.217404336    
   142.989990      0.204894900    
   143.000000      0.203427285    
   143.009995      0.201400593    
   143.020004      0.186654851    
   143.029999      0.166737631    
   143.039993      0.143116534    
   143.050003      0.127182737    
   143.059998      0.116979524    
   143.069992      0.100416772    
   143.080002       8.02898929E-02
   143.089996       4.89814393E-02
   143.099991       2.29842383E-02
   143.110001       1.02651585E-02
   143.119995       6.35157619E-03
   143.129990       2.92718899E-03
   143.139999      -1.55923320E-02
   143.149994      -3.32732350E-02
   143.160004      -4.11003828E-02
   143.169998      -4.32668403E-02
   143.179993      -4.44549136E-02
   143.190002      -4.44549471E-02
   143.199997      -5.29110432E-02
   143.209991      -6.84255138E-02
   143.220001      -6.80062398E-02
   143.229996      -5.73837608E-02
   143.239990      -4.45948653E-02
   143.250000      -3.39025073E-02
   143.259995      -2.97094416E-02
   143.270004      -2.75430437E-02
   143.279999      -2.66345702E-02
   143.289993      -2.17426550E-02
   143.300003      -8.67421180E-03
   143.309998       1.59883662E-03
   143.319992       1.03972049E-03
   143.330002      -1.75570324E-03
   143.339996      -6.22836454E-03
   143.349991      -7.62609392E-03
   143.360001      -3.85233969E-03
   143.369995      -4.41144733E-03
   143.379990      -5.52963419E-03
   143.389999      -1.09107969E-02
   143.399994      -2.16032118E-02
   143.410004      -2.89411638E-02
   143.419998      -3.16666998E-02
   143.429993      -3.42524722E-02
   143.440002      -4.07517999E-02
   143.449997      -5.37504181E-02
   143.459991      -7.14313239E-02
   143.470001      -8.24731514E-02
   143.479996      -8.81338567E-02
   143.489990      -9.32354853E-02
   143.500000     -0.105744913    
   143.509995     -0.125941679    
   143.520004     -0.140966952    
   143.529999     -0.154105350    
   143.539993     -0.166195452    
   143.550003     -0.180661663    
   143.559998     -0.200648770    
   143.569992     -0.217910364    
   143.580002     -0.222802341    
   143.589996     -0.209244698    
   143.599991     -0.186392367    
   143.610001     -0.175280690    
   143.619995     -0.182968065    
   143.629990     -0.185833380    
   143.639999     -0.177726761    
   143.649994     -0.166615099    
   143.660004     -0.147466689    
   143.669998     -0.136215225    
   143.679993     -0.138801008    
   143.690002     -0.134538054    
   143.699997     -0.115948714    
   143.709991      -8.33823755E-02
   143.720001      -4.19406779E-02
   143.729996      -4.41253139E-03
   143.739990       1.85795613E-02
   143.750000       2.62668692E-02
   143.759995       3.68893370E-02
   143.770004       5.37315644E-02
   143.779999       6.23972602E-02
   143.789993       7.03641102E-02
   143.800003       8.72063413E-02
   143.809998       9.46141034E-02
   143.819992       9.69202667E-02
   143.830002      0.118933976    
   143.839996      0.140109062    
   143.849991      0.147516832    
   143.860001      0.150941148    
   143.869995      0.150661603    
   143.879990      0.155064315    
   143.889999      0.172675267    
   143.899994      0.192173108    
   143.910004      0.203843847    
   143.919998      0.198322907    
   143.929993      0.173234224    
   143.940002      0.154714704    
   143.949997      0.142065510    
   143.959991      0.130115166    
   143.970001      0.125502735    
   143.979996      0.118653998    
   143.989990      0.102999747    
   144.000000       9.53822657E-02
   144.009995      0.104816690    
   144.020004      0.111246064    
   144.029999      0.117675453    
   144.039993      0.123336107    
   144.050003      0.131093293    
   144.059998      0.145908847    
   144.069992      0.160025552    
   144.080002      0.176238820    
   144.089996      0.190914601    
   144.099991      0.202445596    
   144.110001      0.207966462    
   144.119995      0.215723649    
   144.129990      0.223900169    
   144.139999      0.227743804    
   144.149994      0.220475733    
   144.160004      0.190914392    
   144.169998      0.162750766    
   144.179993      0.139618859    
   144.190002      0.119491979    
   144.199997      0.102440029    
   144.209991       7.31582493E-02
   144.220001       4.68116067E-02
   144.229996       2.36796830E-02
   144.239990      -5.95154008E-03
   144.250000      -2.76158825E-02
   144.259995      -4.11735773E-02
   144.270004      -5.16563393E-02
   144.279999      -6.80793151E-02
   144.289993      -9.33077708E-02
   144.300003     -0.110080175    
   144.309998     -0.110639289    
   144.319992     -0.114273340    
   144.330002     -0.139012620    
   144.339996     -0.172138095    
   144.349991     -0.193732545    
   144.360001     -0.195759237    
   144.369995     -0.182690799    
   144.379990     -0.174374536    
   144.389999     -0.179406255    
   144.399994     -0.179266527    
   144.410004     -0.172976911    
   144.419998     -0.164381117    
   144.429993     -0.139851525    
   144.440002     -0.111338533    
   144.449997      -9.44264233E-02
   144.459991      -8.01699385E-02
   144.470001      -6.20697848E-02
   144.479996      -3.62124071E-02
   144.489990      -2.87735811E-03
   144.500000       2.07437016E-02
   144.509995       2.47271117E-02
   144.520004       1.48733165E-02
   144.529999       1.57817919E-02
   144.539993       2.62644906E-02
   144.550003       3.15757096E-02
   144.559998       3.46506163E-02
   144.569992       1.80179793E-02
   144.580002      -1.00058848E-02
   144.589996      -4.00564149E-02
   144.599991      -7.14347512E-02
   144.610001      -8.03800374E-02
   144.619995      -8.49225819E-02
   144.629990     -0.109312437    
   144.639999     -0.137545958    
   144.649994     -0.156554684    
   144.660004     -0.155646220    
   144.669998     -0.147260070    
   144.679993     -0.144604459    
   144.690002     -0.141459659    
   144.699997     -0.161586553    
   144.709991     -0.188422382    
   144.720001     -0.198066503    
   144.729996     -0.190099671    
   144.739990     -0.173536986    
   144.750000     -0.167317271    
   144.759995     -0.168715000    
   144.770004     -0.181084648    
   144.779999     -0.173467219    
   144.789993     -0.149217203    
   144.800003     -0.123918891    
   144.809998      -9.95290950E-02
   144.819992      -9.84808579E-02
   144.830002     -0.100926861    
   144.839996     -0.112318128    
   144.849991     -0.134401783    
   144.860001     -0.144884542    
   144.869995     -0.153759956    
   144.879990     -0.174585685    
   144.889999     -0.200443119    
   144.899994     -0.215538293    
   144.910004     -0.220919445    
   144.919998     -0.217984319    
   144.929993     -0.215817899    
   144.940002     -0.231891453    
   144.949997     -0.254953504    
   144.959991     -0.269559473    
   144.970001     -0.276897401    
   144.979996     -0.277875841    
   144.989990     -0.285423398    
   145.000000     -0.306109339    
   145.009995     -0.336089998    
   145.020004     -0.360409975    
   145.029999     -0.363974124    
   145.039993     -0.362087280    
   145.050003     -0.370753020    
   145.059998     -0.392487258    
   145.069992     -0.413103342    
   145.080002     -0.422537833    
   145.089996     -0.431692749    
   145.099991     -0.443643093    
   145.110001     -0.461044461    
   145.119995     -0.483617306    
   145.129990     -0.499970406    
   145.139999     -0.501787484    
   145.149994     -0.493960381    
   145.160004     -0.498293281    
   145.169998     -0.513598084    
   145.179993     -0.527575135    
   145.190002     -0.525478601    
   145.199997     -0.511711299    
   145.209991     -0.508915901    
   145.220001     -0.508636415    
   145.229996     -0.525967896    
   145.239990     -0.550916791    
   145.250000     -0.562168300    
   145.259995     -0.567549467    
   145.270004     -0.567759156    
   145.279999     -0.578241944    
   145.289993     -0.594455242    
   145.300003     -0.610878289    
   145.309998     -0.624645591    
   145.319992     -0.631634116    
   145.330002     -0.635827303    
   145.339996     -0.636735797    
   145.349991     -0.632682562    
   145.360001     -0.621151567    
   145.369995     -0.598718524    
   145.379990     -0.562308490    
   145.389999     -0.523662150    
   145.399994     -0.492982745    
   145.410004     -0.475721210    
   145.419998     -0.453847289    
   145.429993     -0.422538877    
   145.440002     -0.388435096    
   145.449997     -0.343918473    
   145.459991     -0.310583383    
   145.470001     -0.279903948    
   145.479996     -0.249643832    
   145.489990     -0.216448545    
   145.500000     -0.169485942    
   145.509995     -0.134823069    
   145.520004      -9.08655226E-02
   145.529999      -5.47350720E-02
   145.539993      -5.58532588E-02
   145.550003      -5.29181212E-02
   145.559998      -3.03453356E-02
   145.569992       1.24259875E-03
   145.580002       2.66806670E-02
   145.589996       4.59688567E-02
   145.599991       5.95963784E-02
   145.610001       5.38657941E-02
   145.619995       4.41517644E-02
   145.629990       4.72266674E-02
   145.639999       3.90501097E-02
   145.649994       1.57784168E-02
   145.660004       5.29565150E-03
   145.669998       5.22573385E-03
   145.679993       1.71760209E-02
   145.690002       4.84145284E-02
   145.699997       7.67877698E-02
   145.709991       7.80456588E-02
   145.720001       6.58856556E-02
   145.729996       6.55362010E-02
   145.739990       7.61586875E-02
   145.750000       8.67112651E-02
   145.759995       9.08344463E-02
   145.770004       9.22321156E-02
   145.779999       8.41254294E-02
   145.789993       7.37125725E-02
   145.800003       7.67874718E-02
   145.809998       8.88076425E-02
   145.819992      0.105510093    
   145.830002      0.119836465    