   108.110001     -0.505458474    
   108.119995     -0.496788234    
   108.129997     -0.475806952    
   108.139999     -0.460348666    
   108.149994     -0.462246239    
   108.159996     -0.482440740    
   108.169998     -0.508621097    
   108.180000     -0.531561673    
   108.189995     -0.539398789    
   108.199997     -0.532826722    
   108.209999     -0.519975662    
   108.220001     -0.508034825    
   108.229996     -0.515902817    
   108.239998     -0.539429665    
   108.250000     -0.575097919    
   108.259995     -0.610750675    
   108.269997     -0.637409329    
   108.279999     -0.655227959    
   108.290001     -0.665255845    
   108.299995     -0.675545931    
   108.309998     -0.676101327    
   108.320000     -0.663805664    
   108.329994     -0.639322281    
   108.339996     -0.604826570    
   108.349998     -0.562539935    
   108.360001     -0.523909688    
   108.369995     -0.499056101    
   108.379997     -0.489923060    
   108.389999     -0.495014101    
   108.399994     -0.503252327    
   108.409996     -0.506368697    
   108.419998     -0.486158758    
   108.430000     -0.449256331    
   108.439995     -0.413217843    
   108.449997     -0.391233742    
   108.459999     -0.399040043    
   108.470001     -0.432008475    
   108.479996     -0.477226287    
   108.489998     -0.516057074    
   108.500000     -0.537748098    
   108.509995     -0.540216446    
   108.519997     -0.530929208    
   108.529999     -0.520500243    
   108.540001     -0.511336386    
   108.549995     -0.506754398    
   108.559998     -0.500814795    
   108.570000     -0.483212113    
   108.579994     -0.448484957    
   108.589996     -0.396972746    
   108.599998     -0.341434002    
   108.610001     -0.297002971    
   108.619995     -0.279246002    
   108.629997     -0.293639809    
   108.639999     -0.322211415    
   108.649994     -0.343100160    
   108.659996     -0.334723055    
   108.669998     -0.291371971    
   108.680000     -0.225327134    
   108.689995     -0.155548841    
   108.699997     -0.107029565    
   108.709999      -8.95502791E-02
   108.720001      -9.64309126E-02
   108.729996     -0.109467097    
   108.739998     -0.110068768    
   108.750000      -8.45055059E-02
   108.759995      -3.09568904E-02
   108.769997       3.62141542E-02
   108.779999       9.65354443E-02
   108.790001      0.130182669    
   108.799995      0.131062031    
   108.809998       9.96826291E-02
   108.820000       5.34620285E-02
   108.829994       1.94445364E-02
   108.839996       1.28878755E-02
   108.849998       3.65381278E-02
   108.860001       7.35176951E-02
   108.869995      0.105730176    
   108.879997      0.119985126    
   108.889999      0.107442625    
   108.899994       7.50912949E-02
   108.909996       4.09966558E-02
   108.919998       2.88706943E-02
   108.930000       5.13330363E-02
   108.939995      0.101240791    
   108.949997      0.165665761    
   108.959999      0.228779390    
   108.970001      0.273642391    
   108.979996      0.287712187    
   108.989998      0.276589006    
   109.000000      0.255576849    
   109.009995      0.236601114    
   109.019997      0.235968575    
   109.029999      0.254466087    
   109.040001      0.285830051    
   109.049995      0.322778761    
   109.059998      0.346027911    
   109.070000      0.351905763    
   109.079994      0.349823058    
   109.089996      0.344037771    
   109.099998      0.343821794    
   109.110001      0.353371352    
   109.119995      0.368335962    
   109.129997      0.385352433    
   109.139999      0.393467277    
   109.149994      0.391399980    
   109.159996      0.382189810    
   109.169998      0.371205479    
   109.180000      0.375880003    
   109.189995      0.398465753    
   109.199997      0.427963018    
   109.209999      0.456658036    
   109.220001      0.472640872    
   109.229996      0.463816375    
   109.239998      0.428024709    
   109.250000      0.371544868    
   109.259995      0.314015985    
   109.269997      0.265913248    
   109.279999      0.232636243    
   109.290001      0.218982965    
   109.299995      0.216036320    
   109.309998      0.217671633    
   109.320000      0.211423516    
   109.329994      0.196026936    
   109.339996      0.182651356    
   109.349998      0.172176123    
   109.360001      0.169491753    
   109.369995      0.180429801    
   109.379997      0.195085868    
   109.389999      0.206826136    
   109.399994      0.216514573    
   109.409996      0.220618263    
   109.419998      0.223765463    
   109.430000      0.225601330    
   109.439995      0.224876240    
   109.449997      0.224629402    
   109.459999      0.220957667    
   109.470001      0.210127592    
   109.479996      0.191984937    
   109.489998      0.168859214    
   109.500000      0.147307083    
   109.509995      0.127606243    
   109.519997      0.104511388    
   109.529999       8.68469775E-02
   109.540001       7.92103931E-02
   109.549995       8.12159628E-02
   109.559998       9.05495584E-02
   109.570000      0.101503029    
   109.579994      0.111577146    
   109.589996      0.122854598    
   109.599998      0.134162903    
   109.610001      0.136322752    
   109.619995      0.136122197    
   109.629997      0.135859922    
   109.639999      0.139917344    
   109.649994      0.155529901    
   109.659996      0.175076470    
   109.669998      0.192555755    
   109.680000      0.203308672    
   109.689995      0.206810698    
   109.699997      0.197939932    
   109.709999      0.176264375    
   109.720001      0.147353366    
   109.729996      0.118149228    
   109.739998       9.47458148E-02
   109.750000       7.93800876E-02
   109.759995       7.12806806E-02
   109.769997       6.69609979E-02
   109.779999       6.77323639E-02
   109.790001       6.53565452E-02
   109.799995       5.69022968E-02
   109.809998       4.93119992E-02
   109.820000       4.24313620E-02
   109.829994       3.37920003E-02
   109.839996       2.18357407E-02
   109.849998       3.19939805E-03
   109.860001      -1.96640585E-02
   109.869995      -4.19875607E-02
   109.879997      -6.51749894E-02
   109.889999      -8.46906975E-02
   109.899994      -9.97324437E-02
   109.909996     -0.107153043    
   109.919998     -0.100164413    
   109.930000      -7.86894262E-02
   109.939995      -4.86367904E-02
   109.949997      -2.37369072E-02
   109.959999      -8.21690913E-03
   109.970001      -3.82009055E-03
   109.979996      -1.12406872E-02
   109.989998      -2.31969487E-02
   110.000000      -3.54309082E-02
   110.009995      -4.55821604E-02
   110.019997      -4.90841866E-02
   110.029999      -4.67854999E-02
   110.040001      -4.51656207E-02
   110.049995      -4.65849452E-02
   110.059998      -5.49003296E-02
   110.070000      -6.96026757E-02
   110.079994      -8.92109424E-02
   110.089996     -0.111210465    
   110.099998     -0.131929502    
   110.110001     -0.151969746    
   110.119995     -0.168615937    
   110.129997     -0.186156929    
   110.139999     -0.202417448    
   110.149994     -0.212676689    
   110.159996     -0.215762183    
   110.169998     -0.206150889    
   110.180000     -0.185447276    
   110.189995     -0.160238847    
   110.199997     -0.134104773    
   110.209999     -0.115591861    
   110.220001     -0.108803794    
   110.229996     -0.107014209    
   110.239998     -0.111719579    
   110.250000     -0.113663435    
   110.259995     -0.111411028    
   110.269997     -0.111395605    
   110.279999     -0.109899141    
   110.290001     -0.110115126    
   110.299995     -0.119171031    
   110.309998     -0.140877426    
   110.320000     -0.169032499    
   110.329994     -0.197434410    
   110.339996     -0.214219451    
   110.349998     -0.223815322    
   110.360001     -0.232099846    
   110.369995     -0.233426616    
   110.379997     -0.235247046    
   110.389999     -0.244966328    
   110.399994     -0.266981274    
   110.409996     -0.298653811    
   110.419998     -0.329354435    
   110.430000     -0.348592430    
   110.439995     -0.364205003    
   110.449997     -0.371486753    
   110.459999     -0.370715380    
   110.470001     -0.377565175    
   110.479996     -0.383628160    
   110.489998     -0.392082393    
   110.500000     -0.401693672    
   110.509995     -0.402881593    
   110.519997     -0.398731619    
   110.529999     -0.384445786    
   110.540001     -0.361721188    
   110.549995     -0.342760861    
   110.559998     -0.332825601    
   110.570000     -0.338996589    
   110.579994     -0.361798316    
   110.589996     -0.389536858    
   110.599998     -0.412585437    
   110.610001     -0.424850255    
   110.619995     -0.427442074    
   110.629997     -0.424156010    
   110.639999     -0.419867188    
   110.649994     -0.412816852    
   110.659996     -0.397127151    
   110.669998     -0.378783941    
   110.680000     -0.358512282    
   110.689995     -0.341110140    
   110.699997     -0.332825601    
   110.709999     -0.326562077    
   110.720001     -0.331529707    
   110.729996     -0.347018838    
   110.739998     -0.364019871    
   110.750000     -0.376253843    
   110.759995     -0.376624078    
   110.769997     -0.373322606    
   110.779999     -0.366071731    
   110.790001     -0.364189565    
   110.799995     -0.372551262    
   110.809998     -0.388225526    
   110.820000     -0.402835310    
   110.829994     -0.398083657    
   110.839996     -0.368416697    
   110.849998     -0.312692791    
   110.860001     -0.242636815    
   110.869995     -0.169757620    
   110.879997     -0.112197854    
   110.889999      -7.93528408E-02
   110.899994      -6.48819134E-02
   110.909996      -5.63351251E-02
   110.919998      -3.78993377E-02
   110.930000      -9.89854429E-03
   110.939995       3.22800614E-02
   110.949997       7.83309564E-02
   110.959999      0.113289520    
   110.970001      0.128778681    
   110.979996      0.122592263    
   110.989998      0.108075052    
   111.000000       9.50851515E-02
   111.009995       9.58873779E-02
   111.019997      0.115757912    
   111.029999      0.153030589    
   111.040001      0.197955281    
   111.049995      0.235690787    
   111.059998      0.259171367    
   111.070000      0.266499400    
   111.079994      0.261346608    
   111.089996      0.254111141    
   111.099998      0.253524899    
   111.110001      0.258369118    
   111.119995      0.265851438    
   111.129997      0.269939691    
   111.139999      0.269430608    
   111.149994      0.263228774    
   111.159996      0.250994802    
   111.169998      0.241290942    
   111.180000      0.234209746    
   111.189995      0.227761075    
   111.199997      0.222515747    
   111.209999      0.212904468    
   111.220001      0.189470187    
   111.229996      0.148371503    
   111.239998       9.74455401E-02
   111.250000       4.71212342E-02
   111.259995       4.60322853E-03
   111.269997      -2.18085404E-02
   111.279999      -3.26540321E-02
   111.290001      -2.61745043E-02
   111.299995      -3.54245957E-03
   111.309998       1.91512983E-02
   111.320000       3.56740803E-02
   111.329994       4.35729213E-02
   111.339996       4.75377738E-02
   111.349998       5.38321659E-02
   111.360001       6.24869578E-02
   111.369995       7.14657307E-02
   111.379997       7.42580965E-02
   111.389999       7.12034628E-02
   111.399994       6.26103729E-02
   111.409996       5.36470376E-02
   111.419998       4.70903777E-02
   111.430000       4.18604724E-02
   111.439995       4.43905704E-02
   111.449997       5.15951850E-02
   111.459999       6.11139126E-02
   111.470001       7.11880326E-02
   111.479996       7.26073533E-02
   111.489998       7.17742741E-02
   111.500000       7.31010288E-02
   111.509995       7.33787268E-02
   111.519997       7.69578889E-02
   111.529999       8.15861225E-02
   111.540001       8.92689824E-02
   111.549995       9.99293402E-02
   111.559998      0.106902540    
   111.570000      0.111793041    
   111.579994      0.115526475    
   111.589996      0.117130928    
   111.599998      0.118349701    
   111.610001      0.116945803    
   111.619995      0.111823894    
   111.629997      0.107843615    
   111.639999      0.105807193    
   111.649994      0.109972604    
   111.659996      0.119398765    
   111.669998      0.132836059    
   111.680000      0.155344680    
   111.689995      0.184332833    
   111.699997      0.222885996    
   111.709999      0.270171076    
   111.720001      0.321421027    
   111.729996      0.375710160    
   111.739998      0.427206933    
   111.750000      0.466053218    
   111.759995      0.492279857    
   111.769997      0.510175645    
   111.779999      0.513477087    
   111.790001      0.513029695    
   111.799995      0.523335218    
   111.809998      0.542203009    
   111.820000      0.567133725    
   111.829994      0.592635274    
   111.839996      0.612428665    
   111.849998      0.619849265    
   111.860001      0.612505794    
   111.869995      0.597618341    
   111.879997      0.576513588    
   111.889999      0.554591238    
   111.899994      0.537050247    
   111.909996      0.519925773    
   111.919998      0.501675189    
   111.930000      0.477423251    
   111.939995      0.452723920    
   111.949997      0.429227918    
   111.959999      0.404590309    
   111.970001      0.386925876    
   111.979996      0.378317386    
   111.989998      0.375571281    
   112.000000      0.373889685    
   112.009995      0.367564440    
   112.019997      0.344299883    
   112.029999      0.305777580    
   112.040001      0.258507907    
   112.049995      0.209633812    
   112.059998      0.173502758    
   112.070000      0.148973137    
   112.079994      0.130784199    
   112.089996      0.107643023    
   112.099998       7.48905763E-02
   112.110001       3.88520919E-02
   112.119995      -5.03293064E-04
   112.129997      -4.11700122E-02
   112.139999      -7.35213459E-02
   112.149994      -9.29290578E-02
   112.159996      -9.93314460E-02
   112.169998      -9.38701332E-02
   112.180000      -9.08000767E-02
   112.189995      -9.33455974E-02
   112.199997      -9.92388800E-02
   112.209999     -0.116810732    
   112.220001     -0.136928096    
   112.229996     -0.148220986    
   112.239998     -0.152016133    
   112.250000     -0.146631956    
   112.259995     -0.143978432    
   112.269997     -0.149347186    
   112.279999     -0.157600865    
   112.290001     -0.176916003    
   112.299995     -0.198699549    
   112.309998     -0.218276963    
   112.320000     -0.231791392    
   112.329994     -0.229137868    
   112.339996     -0.213679582    
   112.349998     -0.187776923    
   112.360001     -0.165206581    
   112.369995     -0.160640061    
   112.379997     -0.179461539    
   112.389999     -0.216888487    
   112.399994     -0.273306608    
   112.409996     -0.346571505    
   112.419998     -0.421949953    
   112.430000     -0.492638469    
   112.439995     -0.544258714    
   112.449997     -0.577659070    
   112.459999     -0.598671257    
   112.470001     -0.609917879    
   112.479996     -0.619436562    
   112.489998     -0.629479825    
   112.500000     -0.647113383    
   112.509995     -0.668295264    
   112.519997     -0.685388863    
   112.529999     -0.693688810    
   112.540001     -0.696357787    
   112.549995     -0.698301613    
   112.559998     -0.699921489    
   112.570000     -0.702729285    
   112.579994     -0.706231356    
   112.589996     -0.712988555    
   112.599998     -0.722923815    
   112.610001     -0.738922060    
   112.619995     -0.750353813    
   112.629997     -0.746126652    
   112.639999     -0.727351487    
   112.649994     -0.697082877    
   112.659996     -0.661676884    
   112.669998     -0.619343996    
   112.680000     -0.579093814    
   112.689995     -0.550938785    
   112.699997     -0.528306723    
   112.709999     -0.505798101    
   112.720001     -0.482302099    
   112.729996     -0.451632380    
   112.739998     -0.415115625    
   112.750000     -0.369419575    
   112.759995     -0.312152922    
   112.769997     -0.256382763    
   112.779999     -0.202479303    
   112.790001     -0.155194208    
   112.799995     -0.114758901    
   112.809998      -7.29968473E-02
   112.820000      -2.60665826E-02
   112.829994       2.72506308E-02
   112.839996       8.26505497E-02
   112.849998      0.138019621    
   112.860001      0.186955437    
   112.869995      0.232003555    
   112.879997      0.273750186    
   112.889999      0.314000368    
   112.899994      0.356364101    
   112.909996      0.397107959    
   112.919998      0.439456254    
   112.930000      0.478827089    
   112.939995      0.510576725    
   112.949997      0.529305637    
   112.959999      0.528796554    
   112.970001      0.514896452    
   112.979996      0.492542058    
   112.989998      0.465420634    
   113.000000      0.443883955    
   113.009995      0.428286791    
   113.019997      0.411378324    
   113.029999      0.396352023    
   113.040001      0.379937232    
   113.049995      0.362272799    
   113.059998      0.346752822    
   113.070000      0.329952329    
   113.079994      0.318258345    
   113.089996      0.311963946    
   113.099998      0.308940172    
   113.110001      0.307705969    
   113.119995      0.296011984    
   113.129997      0.272577703    
   113.139999      0.241198286    
   113.149994      0.203863889    
   113.159996      0.171342865    
   113.169998      0.149451330    
   113.180000      0.140534282    
   113.189995      0.144792244    
   113.199997      0.154789224    
   113.209999      0.163675427    
   113.220001      0.166452363    
   113.229996      0.159756854    
   113.239998      0.149127349    
   113.250000      0.142632410    
   113.259995      0.141367361    
   113.269997      0.147985727    
   113.279999      0.158322111    
   113.290001      0.166174650    
   113.299995      0.167763680    
   113.309998      0.157704994    
   113.320000      0.140503407    
   113.329994      0.123456091    
   113.339996      0.111762092    
   113.349998      0.101888537    
   113.360001       9.63809416E-02
   113.369995       9.65197906E-02
   113.379997       8.99785459E-02
   113.389999       7.64641166E-02
   113.399994       5.75963669E-02
   113.409996       3.58591117E-02
   113.419998       1.83335468E-02
   113.430000       7.44177448E-03
   113.439995       2.39700242E-03
   113.449997       2.78268754E-03
   113.459999       3.15294554E-03
   113.470001      -3.02800006E-04
   113.479996      -4.86932136E-03
   113.489998      -7.87767116E-03
   113.500000      -3.09516722E-03
   113.509995       6.14586612E-03
   113.519997       1.75004583E-02
   113.529999       2.97035594E-02
   113.540001       3.59053835E-02
   113.549995       3.49026024E-02
   113.559998       3.13388631E-02
   113.570000       3.45786251E-02
   113.579994       4.53006923E-02
   113.589996       6.28571138E-02
   113.599998       8.22648257E-02
   113.610001       9.67974663E-02
   113.619995      0.102428481    
   113.629997       8.83278027E-02
   113.639999       5.71798123E-02
   113.649994       2.39028390E-02
   113.659996      -3.03346501E-03
   113.669998      -2.55729444E-02
   113.680000      -3.99667434E-02
   113.689995      -5.36354519E-02
   113.699997      -8.20373595E-02
   113.709999     -0.122380100    
   113.720001     -0.177517757    
   113.729996     -0.232177153    
   113.739998     -0.269326419    
   113.750000     -0.294272602    
   113.759995     -0.299826473    
   113.769997     -0.293223530    
   113.779999     -0.290168911    
   113.790001     -0.293115526    
   113.799995     -0.309314340    
   113.809998     -0.331684113    
   113.820000     -0.350752443    
   113.829994     -0.366534710    
   113.839996     -0.372150272    
   113.849998     -0.379910290    
   113.860001     -0.400243640    
   113.869995     -0.432903528    
   113.879997     -0.483798623    
   113.889999     -0.541435540    
   113.899994     -0.589661717    
   113.909996     -0.618264139    
   113.919998     -0.620316029    
   113.930000     -0.602512717    
   113.939995     -0.577273488    
   113.949997     -0.552311897    
   113.959999     -0.538782001    
   113.970001     -0.534724593    
   113.979996     -0.532857895    
   113.989998     -0.530204356    
   114.000000     -0.517384171    
   114.009995     -0.489614785    
   114.019997     -0.449179471    
   114.029999     -0.409037292    
   114.040001     -0.374017000    
   114.049995     -0.344920874    
   114.059998     -0.316488087    
   114.070000     -0.280418754    
   114.079994     -0.234367862    
   114.089996     -0.174355149    
   114.099998     -0.105749346    
   114.110001      -3.31015587E-02
   114.119995       3.70624177E-02
   114.129997      0.100145198    
   114.139999      0.152536780    
   114.149994      0.193589181    
   114.159996      0.226033077    
   114.169998      0.254311562    
   114.180000      0.281047314    
   114.189995      0.301396102    
   114.199997      0.317255497    
   114.209999      0.326928496    
   114.220001      0.328779787    
   114.229996      0.322130561    
   114.239998      0.309526324    
   114.250000      0.295734197    
   114.259995      0.282281458    
   114.269997      0.267717957    
   114.279999      0.248063445    
   114.290001      0.226094782    
   114.299995      0.207597286    
   114.309998      0.190241426    
   114.320000      0.171682224    
   114.329994      0.156517059    
   114.339996      0.137063056    
   114.349998      0.115757748    
   114.360001       9.62883234E-02
   114.369995       7.96266943E-02
   114.379997       6.98611289E-02
   114.389999       6.05275296E-02
   114.399994       5.58067337E-02
   114.409996       5.68249449E-02
   114.419998       6.68219253E-02
   114.430000       8.18482414E-02
   114.439995       9.84018818E-02
   114.449997      0.117038220    
   114.459999      0.133622721    
   114.470001      0.155421689    
   114.479996      0.180491269    
   114.489998      0.210821614    
   114.500000      0.242447853    
   114.509995      0.267594546    
   114.519997      0.285798937    
   114.529999      0.291152239    
   114.540001      0.282389462    
   114.549995      0.263043463    
   114.559998      0.236739695    
   114.570000      0.210204512    
   114.579994      0.195610151    
   114.589996      0.194792509    
   114.599998      0.208893180    
   114.610001      0.228239179    
   114.619995      0.244607672    
   114.629997      0.263444573    
   114.639999      0.279165119    
   114.649994      0.297354072    
   114.659996      0.326373070    
   114.669998      0.370433837    
   114.680000      0.426836520    
   114.689995      0.481557637    
   114.699997      0.528889000    
   114.709999      0.565359414    
   114.720001      0.588300049    
   114.729996      0.595365822    
   114.739998      0.587760091    
   114.750000      0.580802321    
   114.759995      0.581589103    
   114.769997      0.583702683    
   114.779999      0.582792461    
   114.790001      0.571376145    
   114.799995      0.548296690    
   114.809998      0.517349243    
   114.820000      0.487126946    
   114.829994      0.468336344    
   114.839996      0.468722016    
   114.849998      0.485615075    
   114.860001      0.496784538    
   114.869995      0.493807018    
   114.879997      0.468768299    
   114.889999      0.417040110    
   114.899994      0.354111612    
   114.909996      0.291491657    
   114.919998      0.238806948    
   114.930000      0.199112147    
   114.939995      0.163721621    
   114.949997      0.116559952    
   114.959999       5.48656359E-02
   114.970001      -1.64091103E-02
   114.979996      -9.30988863E-02
   114.989998     -0.162167519    
   115.000000     -0.211504459    
   115.009995     -0.233982220    
   115.019997     -0.236512318    
   115.029999     -0.235247269    
   115.040001     -0.249008551    
   115.049995     -0.286728650    
   115.059998     -0.343517035    
   115.070000     -0.406260401    
   115.079994     -0.455535620    
   115.089996     -0.485788822    
   115.099998     -0.497822225    
   115.110001     -0.499210685    
   115.119995     -0.503700078    
   115.129997     -0.524218559    
   115.139999     -0.566690326    
   115.149994     -0.622923315    
   115.159996     -0.684741020    
   115.169998     -0.737595439    
   115.180000     -0.772970557    
   115.189995     -0.787595749    
   115.199997     -0.781825900    
   115.209999     -0.768512011    
   115.220001     -0.752822280    
   115.229996     -0.737317741    
   115.239998     -0.722152591    
   115.250000     -0.702189445    
   115.259995     -0.672800183    
   115.269997     -0.636715412    
   115.279999     -0.603099048    
   115.290001     -0.579896212    
   115.299995     -0.568603277    
   115.309998     -0.562632859    
   115.320000     -0.563882530    
   115.329994     -0.576502144    
   115.339996     -0.594197392    
   115.349998     -0.612525225    
   115.360001     -0.630760431    
   115.369995     -0.642469883    
   115.379997     -0.639368951    
   115.389999     -0.615163326    
   115.399994     -0.572799563    
   115.409996     -0.524388254    
   115.419998     -0.475190192    
   115.430000     -0.429108441    
   115.439995     -0.388873696    
   115.449997     -0.358219385    
   115.459999     -0.343023360    
   115.470001     -0.330018014    
   115.479996     -0.311690241    
   115.489998     -0.292575628    
   115.500000     -0.272180557    
   115.509995     -0.259144396    
   115.519997     -0.254531592    
   115.529999     -0.257632494    
   115.540001     -0.260532856    
   115.549995     -0.250921577    
   115.559998     -0.232100099    
   115.570000     -0.201600060    
   115.579994     -0.160964206    
   115.589996     -0.116024084    
   115.599998      -7.57739097E-02
   115.610001      -4.59835343E-02
   115.619995      -1.89392418E-02
   115.629997       1.24555863E-02
   115.639999       4.76918481E-02
   115.649994       8.39771777E-02
   115.659996      0.118457496    
   115.669998      0.142771125    
   115.680000      0.153986871    
   115.689995      0.155113086    
   115.699997      0.149358645    
   115.709999      0.140241027    
   115.720001      0.139917061    
   115.729996      0.156162143    
   115.739998      0.191028148    
   115.750000      0.238575503    
   115.759995      0.280769557    
   115.769997      0.315342396    
   115.779999      0.348202825    
   115.790001      0.383963645    
   115.799995      0.422069401    
   115.809998      0.458987236    
   115.820000      0.488330245    
   115.829994      0.511733651    
   115.839996      0.526790857    
   115.849998      0.529259264    
   115.860001      0.524415016    
   115.869995      0.510360658    
   115.879997      0.501026988    
   115.889999      0.499160290    
   115.899994      0.494917750    
   115.909996      0.474167854    
   115.919998      0.426774770    
   115.930000      0.362812608    
   115.939995      0.298495650    
   115.949997      0.258276314    
   115.959999      0.256502181    
   115.970001      0.296042681    
   115.979996      0.361994952    
   115.989998      0.433562845    
   116.000000      0.485507011    
   116.009995      0.499175727    
   116.019997      0.477284193    
   116.029999      0.434997588    
   116.040001      0.404404998    
   116.049995      0.401782334    
   116.059998      0.422825336    
   116.070000      0.450085610    
   116.079994      0.466191858    
   116.089996      0.461687058    
   116.099998      0.433516562    
   116.110001      0.390474021    
   116.119995      0.351026058    
   116.129997      0.336184859    
   116.139999      0.353016198    
   116.149994      0.395580500    
   116.159996      0.436000377    
   116.169998      0.439317256    
   116.180000      0.389764339    
   116.189995      0.300948620    
   116.199997      0.203601494    
   116.209999      0.124366172    
   116.219994       7.42424354E-02
   116.229996       4.50228713E-02
   116.239998       2.76670102E-02
   116.250000      -1.38285139E-03
   116.259995      -6.69648796E-02
   116.269997     -0.167320326    
   116.279999     -0.285679609    
   116.290001     -0.392113477    
   116.299995     -0.450089782    
   116.309998     -0.443270862    
   116.320000     -0.385541379    
   116.329994     -0.305951267    
   116.339996     -0.250134796    
   116.349998     -0.245537430    
   116.360001     -0.281899869    
   116.369995     -0.343069673    
   116.379997     -0.399966031    
   116.389999     -0.424943060    
   116.399994     -0.409747034    
   116.409996     -0.359206766    
   116.419998     -0.300042540    
   116.430000     -0.267274678    
   116.439995     -0.276963115    
   116.449997     -0.322350621    
   116.459999     -0.381962240    
   116.469994     -0.428275377    
   116.479996     -0.445476979    
   116.489998     -0.434600621    
   116.500000     -0.409716189    
   116.509995     -0.392668873    
   116.519997     -0.391033560    
   116.529999     -0.397374272    
   116.540001     -0.399024993    
   116.549995     -0.376192391    
   116.559998     -0.328706741    
   116.570000     -0.267197579    
   116.579994     -0.205734655    
   116.589996     -0.165638745    
   116.599998     -0.154422998    
   116.610001     -0.181251317    
   116.619995     -0.228150710    
   116.629997     -0.267135859    
   116.639999     -0.284969985    
   116.649994     -0.267212987    
   116.659996     -0.224910960    
   116.669998     -0.173707291    
   116.680000     -0.128443196    
   116.689995     -0.102355435    
   116.699997      -9.07694325E-02
   116.709999      -8.28860104E-02
   116.719994      -7.36449733E-02
   116.729996      -5.83563931E-02
   116.739998      -3.44747230E-02
   116.750000      -2.58621480E-03
   116.759995       2.69881785E-02
   116.769997       3.78799438E-02
   116.779999       2.96725519E-02
   116.790001       2.35056225E-03
   116.799995      -3.06641478E-02
   116.809998      -6.10407703E-02
   116.820000      -8.99363533E-02
   116.829994     -0.107184231    
   116.839996     -0.109066375    
   116.849998      -9.56599340E-02
   116.860001      -7.47711882E-02
   116.869995      -5.23705557E-02
   116.879997      -3.44901569E-02
   116.889999      -2.81649083E-02
   116.899994      -3.73133793E-02
   116.909996      -5.75078912E-02
   116.919998      -7.93068558E-02
   116.930000      -9.43177491E-02
   116.939995     -0.101553217    
   116.949997     -0.106628843    
   116.959999     -0.112336993    
   116.969994     -0.129476875    
   116.979996     -0.154561877    
   116.989998     -0.179955438    
   117.000000     -0.195953682    
   117.009995     -0.193037897    
   117.019997     -0.172180012    
   117.029999     -0.130356237    
   117.040001      -7.52494484E-02
   117.049995      -2.21482143E-02
   117.059998       9.01520159E-03
   117.070000       7.65758660E-03
   117.079994      -1.80908013E-02
   117.089996      -5.42989969E-02
   117.099998      -8.83627683E-02
   117.110001     -0.103620499    
   117.119995      -9.10625681E-02
   117.129997      -5.25402687E-02
   117.139999       6.20740512E-03
   117.149994       6.94907457E-02
   117.159996      0.132943779    
   117.169998      0.192539960    
   117.180000      0.240951255    
   117.189995      0.277699441    
   117.199997      0.300578326    
   117.209999      0.310050756    
   117.219994      0.310220450    
   117.229996      0.312010050    
   117.239998      0.324197710    
   117.250000      0.344021976    
   117.259995      0.372979283    
   117.269997      0.408338964    
   117.279999      0.437373370    
   117.290001      0.453556776    
   117.299995      0.447385758    
   117.309998      0.420788854    
   117.320000      0.383439034    
   117.329994      0.350177497    
   117.339996      0.332543939    
   117.349998      0.325478166    
   117.360001      0.328903049    
   117.369995      0.328100830    
   117.379997      0.312673390    
   117.389999      0.289439678    
   117.399994      0.265264899    
   117.409996      0.257227182    
   117.419998      0.278054237    
   117.430000      0.322253823    
   117.439995      0.383269340    
   117.449997      0.441862732    
   117.459999      0.470696598    
   117.469994      0.464849621    
   117.479996      0.424429744    
   117.489998      0.363429666    
   117.500000      0.299822330    
   117.509995      0.248587817    
   117.519997      0.225384951    
   117.529999      0.228161886    
   117.540001      0.243373349    
   117.549995      0.258584797    
   117.559998      0.266283095    
   117.570000      0.260544091    
   117.579994      0.260559529    
   117.589996      0.280800313    
   117.599998      0.324459970    
   117.610001      0.388422102    
   117.619995      0.451474041    
   117.629997      0.507043660    
   117.639999      0.538777888    
   117.649994      0.537697971    
   117.659996      0.513461471    
   117.669998      0.474815726    
   117.680000      0.440859944    
   117.689995      0.419076413    
   117.699997      0.409094870    
   117.709999      0.406009376    
   117.719994      0.393482298    
   117.729996      0.367116809    
   117.739998      0.333947837    
   117.750000      0.305283666    
   117.759995      0.295086116    
   117.769997      0.307967991    
   117.779999      0.342880279    
   117.790001      0.390844166    
   117.799995      0.433038205    
   117.809998      0.449668974    
   117.820000      0.437928706    
   117.829994      0.405963063    
   117.839996      0.356734127    
   117.849998      0.305005938    
   117.860001      0.259109318    
   117.869995      0.217146695    
   117.879997      0.180259690    
   117.889999      0.138003945    
   117.899994       8.17400962E-02
   117.909996       1.46616027E-02
   117.919998      -5.76622151E-02
   117.930000     -0.123537354    
   117.939995     -0.170945868    
   117.949997     -0.198422119    
   117.959999     -0.213170752    
   117.969994     -0.227950230    
   117.979996     -0.248715565    
   117.989998     -0.276407808    
   118.000000     -0.312091470    
   118.009995     -0.348392218    
   118.019997     -0.376963824    
   118.029999     -0.393394053    
   118.040001     -0.400830060    
   118.049995     -0.409654558    
   118.059998     -0.431823820    
   118.070000     -0.468926787    
   118.079994     -0.516366124    
   118.089996     -0.578662097    
   118.099998     -0.645354927    
   118.110001     -0.703038096    