     FRE.     REAL.    IMAG.    AMP.
    0.0000 0.00000000E+00 0.13169483E-07 0.13169483E-07
    0.0977 -.95657026E-03 -.29827040E-01 0.29842375E-01
    0.1954 -.14346122E-02 -.33044286E-01 0.33075415E-01
    0.2931 0.87776473E-02 0.83414890E-01 0.83875448E-01
    0.3908 -.64998753E-01 0.44379041E-01 0.78704111E-01
    0.4885 -.31142512E-01 0.26271209E-01 0.40743496E-01
    0.5863 -.12225878E-01 0.39156612E-01 0.41020878E-01
    0.6840 0.38461180E-02 0.34620424E-02 0.51747812E-02
    0.7817 0.14852596E-01 -.50429665E-02 0.15685380E-01
    0.8794 -.83441706E-02 0.11046781E-01 0.13844008E-01
    0.9771 0.15154597E-01 0.19730097E-01 0.24878476E-01
    1.0748 -.17893365E-01 -.17059457E-01 0.24722410E-01
    1.1725 0.14509746E-01 -.41121878E-01 0.43606669E-01
    1.2702 -.27186098E-02 0.77800718E-02 0.82413806E-02
    1.3679 -.21927783E-01 -.72935643E-02 0.23108954E-01
    1.4656 -.15456568E-01 0.30399726E-02 0.15752679E-01
    1.5634 -.32958738E-02 -.33248758E-02 0.46816217E-02
    1.6611 -.16427724E-01 -.54589873E-02 0.17310997E-01
    1.7588 -.13359758E-01 0.21161537E-02 0.13526317E-01
    1.8565 -.17771361E-01 -.32912632E-02 0.18073564E-01
    1.9542 -.64879041E-02 -.44503608E-02 0.78675672E-02
    2.0519 0.14972212E-01 0.50469377E-03 0.14980716E-01
    2.1496 -.98976037E-02 0.16071518E-02 0.10027237E-01
    2.2473 0.86513115E-02 0.48224339E-02 0.99045979E-02
    2.3450 -.29493438E-02 0.34736956E-02 0.45568836E-02
    2.4427 -.46762498E-02 -.11882188E-01 0.12769248E-01
    2.5405 -.81107076E-02 0.41335230E-02 0.91032740E-02
    2.6382 0.12470020E-01 0.75632413E-02 0.14584376E-01
    2.7359 -.88901154E-03 -.90977043E-03 0.12720156E-02
    2.8336 -.85102678E-04 -.26109023E-02 0.26122888E-02
    2.9313 -.53631756E-02 -.10463040E-01 0.11757502E-01
    3.0290 0.17532289E-02 0.15034154E-02 0.23095605E-02
    3.1267 -.14348943E-01 0.55872477E-02 0.15398360E-01
    3.2244 0.69769227E-03 0.98929647E-03 0.12105709E-02
    3.3221 -.18523866E-02 0.49815593E-04 0.18530564E-02
    3.4198 -.63728204E-03 0.25123549E-02 0.25919212E-02
    3.5176 -.15382186E-02 0.13732159E-02 0.20619987E-02
    3.6153 -.39957524E-02 0.78059873E-03 0.40712864E-02
    3.7130 -.14837480E-02 0.73970889E-03 0.16579136E-02
    3.8107 0.14829307E-02 0.16745864E-02 0.22368110E-02
    3.9084 0.37828500E-04 0.10905906E-02 0.10912465E-02
    4.0061 -.10824846E-02 0.41112690E-02 0.42513888E-02
    4.1038 0.11904718E-02 0.30242669E-03 0.12282854E-02
    4.2015 -.23435508E-02 -.11673052E-03 0.23464561E-02
    4.2992 -.75815053E-03 -.24726221E-03 0.79745270E-03
    4.3969 -.69039233E-03 -.42201872E-02 0.42762859E-02
    4.4947 -.35040735E-02 0.67935900E-04 0.35047319E-02
    4.5924 -.47494392E-03 0.92987588E-03 0.10441460E-02
    4.6901 -.75485797E-04 -.55712287E-03 0.56221348E-03
    4.7878 0.21707620E-03 0.49673498E-03 0.54209569E-03
    4.8855 0.10344292E-02 -.16035059E-02 0.19082126E-02
    4.9832 -.15338603E-02 0.50504989E-03 0.16148693E-02
    5.0809 -.12907517E-02 0.81606529E-03 0.15270896E-02
    5.1786 -.20140575E-03 0.52171556E-03 0.55924180E-03
    5.2763 -.85524545E-03 -.12733693E-02 0.15339212E-02
    5.3740 -.11089003E-02 -.20972765E-02 0.23723887E-02
    5.4718 -.14279993E-02 -.38386765E-03 0.14786941E-02
    5.5695 -.22891143E-02 -.83063828E-03 0.24351601E-02
    5.6672 -.13489121E-02 0.71788218E-03 0.15280441E-02
    5.7649 0.38296668E-03 0.74169436E-03 0.83472987E-03
    5.8626 -.47377698E-03 0.11958546E-02 0.12862865E-02
    5.9603 -.22590694E-02 0.12644430E-02 0.25888628E-02
    6.0580 -.23988774E-02 0.11857115E-02 0.26759156E-02
    6.1557 -.18805605E-02 -.47140100E-03 0.19387436E-02
    6.2534 -.13520319E-02 0.51894283E-03 0.14482030E-02
    6.3511 -.11612321E-02 0.59280358E-03 0.13037929E-02
    6.4489 -.18628206E-02 -.10544097E-03 0.18658023E-02
    6.5466 -.64641068E-03 0.33016017E-03 0.72584604E-03
    6.6443 0.92362112E-03 0.84687007E-03 0.12531021E-02
    6.7420 -.32055778E-02 -.50332071E-03 0.32448515E-02
    6.8397 0.59489947E-04 -.23261926E-02 0.23269532E-02
    6.9374 -.17718101E-03 0.10063187E-02 0.10217977E-02
    7.0351 -.82996377E-03 0.44252424E-03 0.94056770E-03
    7.1328 -.12608198E-02 0.24434464E-03 0.12842783E-02
    7.2305 -.13439935E-02 0.76409767E-03 0.15460154E-02
    7.3282 -.79576908E-04 0.55030588E-03 0.55602973E-03
    7.4260 -.14015444E-03 0.18756009E-02 0.18808302E-02
    7.5237 -.75355382E-03 -.10592111E-02 0.12999121E-02
    7.6214 -.25138850E-03 0.65404148E-03 0.70068997E-03
    7.7191 -.25280737E-02 -.28738470E-03 0.25443558E-02
    7.8168 -.31780553E-03 -.25098227E-04 0.31879504E-03
    7.9145 -.10839798E-02 0.10253451E-02 0.14920941E-02
    8.0122 0.12209015E-03 0.49625599E-03 0.51105383E-03
    8.1099 -.14637290E-02 0.15016632E-03 0.14714117E-02
    8.2076 0.97496697E-04 0.71965478E-03 0.72622905E-03
    8.3053 0.32813088E-04 0.56764547E-03 0.56859310E-03
    8.4031 -.11463617E-02 0.62284285E-04 0.11480525E-02
    8.5008 -.47668340E-03 0.25835738E-03 0.54219516E-03
    8.5985 -.18142409E-02 0.87259279E-03 0.20131788E-02
    8.6962 -.13595715E-03 -.53075748E-03 0.54789399E-03
    8.7939 -.70016849E-03 0.11077862E-02 0.13105060E-02
    8.8916 -.42366166E-04 0.10601055E-03 0.11416273E-03
    8.9893 -.64955786E-03 0.99137006E-03 0.11852173E-02
    9.0870 0.13445954E-03 -.11861148E-03 0.17929878E-03
    9.1847 0.27013797E-03 0.31353004E-04 0.27195134E-03
    9.2824 -.84487506E-03 0.15459194E-03 0.85890194E-03
    9.3802 -.46073188E-03 0.28278484E-03 0.54059329E-03
    9.4779 0.48841338E-03 -.91971579E-03 0.10413572E-02
    9.5756 -.72177197E-03 0.95843244E-03 0.11998115E-02
    9.6733 -.30471606E-03 -.97019010E-03 0.10169173E-02
    9.7710 -.14649282E-02 0.41005568E-03 0.15212364E-02
    9.8687 -.55857433E-03 -.58955146E-03 0.81214297E-03
    9.9664 -.10333307E-02 -.28900185E-03 0.10729838E-02
   10.0641 -.14481168E-02 -.10606885E-03 0.14519963E-02
   10.1618 -.13833814E-02 -.12862092E-02 0.18889358E-02
   10.2595 -.95763442E-03 0.75802335E-03 0.12213365E-02
   10.3573 -.52542862E-03 -.64340810E-03 0.83069201E-03
   10.4550 -.27098408E-03 0.29125978E-03 0.39782489E-03
   10.5527 -.23673929E-02 0.15349797E-03 0.23723640E-02
   10.6504 0.33202925E-03 -.70793787E-04 0.33949254E-03
   10.7481 -.17314544E-02 0.54751709E-03 0.18159596E-02
   10.8458 0.11756322E-03 -.26247645E-03 0.28760216E-03
   10.9435 0.29334735E-04 0.16957300E-03 0.17209163E-03
   11.0412 -.11565402E-02 0.67100191E-04 0.11584851E-02
   11.1389 -.27331003E-03 0.26461249E-03 0.38041838E-03
   11.2366 -.53692859E-03 0.25695449E-03 0.59524609E-03
   11.3344 -.59113686E-03 0.24513560E-03 0.63994864E-03
   11.4321 -.22518610E-04 0.82049629E-03 0.82080526E-03
   11.5298 -.10581044E-02 -.36546178E-03 0.11194407E-02
   11.6275 0.81543258E-03 -.82319475E-05 0.81547414E-03
   11.7252 -.76075742E-03 0.66803338E-03 0.10124330E-02
   11.8229 0.95776020E-04 -.40526010E-03 0.41642381E-03
   11.9206 -.72780886E-03 0.11906214E-02 0.13954516E-02
   12.0183 -.76316809E-03 -.76977405E-04 0.76704047E-03
   12.1160 -.15867926E-03 0.96051292E-04 0.18548574E-03
   12.2137 0.39733783E-03 -.12185430E-03 0.41560296E-03
   12.3115 -.29463638E-03 -.31940005E-03 0.43454228E-03
   12.4092 0.15008009E-03 0.68423554E-03 0.70050149E-03
   12.5069 -.82596421E-03 -.30948981E-04 0.82654384E-03
   12.6046 0.50089927E-03 0.10816810E-02 0.11920293E-02
   12.7023 -.12128662E-02 -.14035241E-03 0.12209599E-02
   12.8000 -.31766543E-03 0.71830646E-03 0.78541425E-03
   12.8977 -.11303201E-02 0.16282000E-03 0.11419868E-02
   12.9954 0.42847625E-03 0.25349407E-03 0.49784651E-03
   13.0931 -.91382855E-04 0.58389077E-03 0.59099850E-03
   13.1908 0.25186301E-03 0.57921262E-03 0.63160289E-03
   13.2885 -.33435406E-03 -.91852172E-03 0.97748393E-03
   13.3863 -.12794868E-03 0.13894796E-02 0.13953582E-02
   13.4840 -.85645093E-04 -.13943480E-02 0.13969758E-02
   13.5817 0.42056109E-03 0.57496410E-03 0.71235897E-03
   13.6794 -.35858221E-03 0.54979260E-04 0.36277255E-03
   13.7771 -.73026342E-04 0.41267145E-03 0.41908302E-03
   13.8748 -.59354951E-03 -.59826118E-04 0.59655693E-03
   13.9725 0.24444514E-03 -.18873566E-03 0.30882776E-03
   14.0702 -.78143348E-04 0.32335031E-03 0.33265870E-03
   14.1679 -.87539299E-03 0.57611851E-04 0.87728671E-03
   14.2656 0.40472852E-03 0.30281450E-03 0.50547183E-03
   14.3634 -.15979218E-02 0.33769294E-03 0.16332149E-02
   14.4611 0.29687322E-03 -.51625603E-03 0.59552834E-03
   14.5588 -.70345605E-03 0.94924378E-03 0.11814882E-02
   14.6565 -.25150107E-03 -.38665551E-03 0.46125401E-03
   14.7542 -.30289570E-03 0.57678728E-03 0.65148243E-03
   14.8519 -.12378667E-02 -.53236861E-03 0.13474904E-02
   14.9496 0.14016584E-03 0.42360267E-03 0.44619018E-03
   15.0473 -.69652905E-03 0.44583116E-03 0.82699343E-03
   15.1450 -.86106866E-03 0.19699727E-03 0.88331598E-03
   15.2427 -.29232007E-03 0.17254305E-03 0.33944385E-03
   15.3405 -.94686419E-03 -.36667519E-04 0.94757392E-03
   15.4382 0.11568973E-02 0.80987898E-04 0.11597286E-02
   15.5359 -.14020195E-02 0.54734113E-03 0.15050718E-02
   15.6336 -.39437696E-03 -.10350104E-02 0.11076009E-02
   15.7313 -.75125939E-03 0.68300986E-03 0.10153290E-02
   15.8290 -.40560035E-03 -.12715554E-03 0.42506491E-03
   15.9267 0.73708259E-04 0.12267306E-02 0.12289430E-02
   16.0244 -.67876530E-03 0.73456240E-03 0.10001521E-02
   16.1221 0.14596918E-03 0.52126148E-03 0.54131373E-03
   16.2198 -.74983574E-03 0.66044577E-03 0.99922088E-03
   16.3176 -.79415739E-03 -.11507524E-04 0.79424074E-03
   16.4153 0.51477560E-04 0.61163714E-03 0.61379961E-03
   16.5130 -.13448410E-02 0.36621263E-04 0.13453395E-02
   16.6107 0.15800010E-03 -.24437273E-03 0.29100181E-03
   16.7084 0.26330864E-02 0.27026623E-02 0.37732648E-02
   16.8061 0.39830193E-03 -.64313565E-04 0.40346084E-03
   16.9038 0.30649881E-03 0.47017907E-03 0.56125742E-03
   17.0015 -.63554535E-03 -.20606095E-03 0.66811603E-03
   17.0992 0.12531389E-03 -.24052031E-03 0.27120765E-03
   17.1969 -.50934614E-03 0.10723766E-02 0.11871922E-02
   17.2947 0.17908429E-04 -.11402232E-02 0.11403639E-02
   17.3924 0.17037964E-03 0.12314010E-02 0.12431322E-02
   17.4901 -.48567596E-03 -.47890423E-03 0.68207801E-03
   17.5878 0.10977171E-02 0.15589027E-02 0.19066096E-02
   17.6855 -.20578157E-02 0.17261144E-03 0.20650423E-02
   17.7832 0.66929212E-03 0.74736170E-04 0.67345187E-03
   17.8809 -.78184466E-03 0.69850794E-04 0.78495871E-03
   17.9786 -.51299186E-04 -.20930158E-03 0.21549653E-03
   18.0763 -.16923220E-03 0.29692100E-03 0.34176253E-03
   18.1740 -.12394806E-02 -.16378518E-03 0.12502550E-02
   18.2718 -.32502860E-04 -.24640321E-03 0.24853769E-03
   18.3695 -.11628045E-02 0.94014360E-03 0.14953208E-02
   18.4672 0.10103856E-03 -.70596416E-03 0.71315787E-03
   18.5649 -.10642912E-02 0.10932202E-02 0.15257281E-02
   18.6626 0.51847484E-04 -.42112573E-03 0.42430536E-03
   18.7603 -.52614417E-03 0.67617395E-03 0.85676071E-03
   18.8580 -.26274621E-03 -.22407632E-04 0.26369997E-03
   18.9557 -.30139924E-03 0.25414542E-03 0.39424788E-03
   19.0534 -.45290394E-03 0.19278652E-03 0.49222825E-03
   19.1511 -.67694309E-04 0.23572428E-03 0.24525181E-03
   19.2489 -.41509056E-03 0.18751535E-03 0.45548016E-03
   19.3466 -.49912627E-03 0.19841013E-03 0.53711602E-03
   19.4443 -.49010327E-03 0.80953597E-03 0.94633485E-03
   19.5420 -.35026300E-03 0.25714698E-03 0.43452127E-03
   19.6397 -.35141857E-03 0.32431720E-03 0.47820149E-03
   19.7374 -.31733655E-03 0.41825831E-03 0.52501669E-03
   19.8351 -.39852140E-03 0.17988643E-03 0.43723956E-03
   19.9328 -.28258711E-03 0.19152393E-03 0.34137498E-03
   20.0305 -.34317782E-03 0.47771665E-03 0.58820425E-03
   20.1282 -.27644154E-03 0.14836207E-03 0.31373752E-03
   20.2260 -.22882562E-03 0.67161134E-03 0.70952304E-03
   20.3237 -.68021298E-03 0.37305072E-03 0.77579415E-03
   20.4214 -.19248466E-03 0.12498768E-03 0.22950438E-03
   20.5191 -.29632225E-03 0.62403956E-03 0.69081999E-03
   20.6168 -.42819622E-03 -.24689083E-04 0.42890740E-03
   20.7145 0.56102555E-04 0.56287728E-03 0.56566624E-03
   20.8122 -.27694268E-03 0.33012984E-03 0.43090945E-03
   20.9099 -.30949558E-03 0.19721260E-03 0.36698818E-03
   21.0076 -.12580707E-03 0.11799791E-03 0.17248456E-03
   21.1053 -.20424550E-03 0.41783831E-03 0.46508611E-03
   21.2031 -.14456325E-03 0.73475305E-04 0.16216397E-03
   21.3008 -.24280562E-03 0.33386977E-03 0.41282392E-03
   21.3985 -.38952650E-04 -.32919637E-03 0.33149292E-03
   21.4962 0.25763197E-03 0.34943598E-03 0.43414254E-03
   21.5939 -.43324893E-03 -.49648188E-04 0.43608437E-03
   21.6916 0.48180944E-04 0.30191097E-03 0.30573132E-03
   21.7893 -.28319150E-03 0.69730653E-04 0.29165013E-03
   21.8870 -.41654432E-04 0.13367402E-03 0.14001370E-03
   21.9847 0.10829196E-03 0.28116448E-03 0.30129822E-03
   22.0824 -.44609327E-03 -.28357340E-03 0.52859541E-03
   22.1802 0.35660333E-03 0.83733670E-03 0.91010914E-03
   22.2779 -.89439278E-03 -.23924407E-03 0.92583807E-03
   22.3756 0.15726476E-03 0.31767282E-03 0.35446894E-03
   22.4733 -.42181677E-03 0.22303949E-03 0.47715407E-03
   22.5710 -.12215298E-03 -.45104141E-03 0.46728973E-03
   22.6687 -.54590328E-04 0.51548664E-03 0.51836914E-03
   22.7664 -.72701805E-03 -.50031427E-04 0.72873750E-03
   22.8641 0.33856501E-03 0.13252877E-03 0.36357963E-03
   22.9618 -.87778782E-03 0.48612303E-03 0.10034078E-02
   23.0595 0.35426041E-03 -.28828665E-03 0.45673802E-03
   23.1573 -.68532466E-03 0.61491795E-03 0.92075730E-03
   23.2550 -.65425149E-03 -.39354686E-03 0.76349470E-03
   23.3527 -.29533866E-03 0.45702705E-03 0.54414949E-03
   23.4504 -.83997479E-03 0.18618107E-03 0.86036097E-03
   23.5481 0.16170707E-03 -.18260142E-03 0.24391075E-03
   23.6458 -.52554591E-03 0.97149709E-03 0.11045384E-02
   23.7435 -.14620260E-03 -.66203158E-03 0.67798304E-03
   23.8412 -.50278788E-03 0.91402786E-03 0.10431886E-02
   23.9389 -.63181989E-03 -.32603045E-03 0.71097974E-03
   24.0366 0.34999047E-03 0.48165483E-03 0.59538620E-03
   24.1344 -.72598533E-03 0.52940124E-03 0.89851010E-03
   24.2321 0.12193184E-03 -.13025511E-03 0.17842020E-03
   24.3298 -.97105149E-04 0.10080676E-02 0.10127338E-02
   24.4275 -.40644256E-03 -.29776292E-03 0.50384353E-03
   24.5252 0.41115674E-03 0.78603794E-03 0.88707695E-03
   24.6229 -.68777613E-03 0.14553669E-03 0.70300564E-03
   24.7206 0.14192623E-03 0.13139329E-03 0.19340953E-03
   24.8183 -.21746763E-03 0.48985466E-03 0.53595687E-03
   24.9160 0.14655832E-04 -.92762952E-04 0.93913572E-04
   25.0137 0.11388953E-03 0.79320592E-03 0.80134044E-03
   25.1115 -.42490321E-03 0.79721132E-04 0.43231723E-03
   25.2092 0.26880600E-03 0.41376936E-03 0.49341843E-03
   25.3069 -.32694574E-03 0.36909807E-03 0.49307902E-03
   25.4046 -.91939648E-04 0.89363333E-04 0.12821351E-03
   25.5023 0.24987927E-04 0.27735144E-03 0.27847482E-03
   25.6000 -.29432334E-03 0.14168279E-03 0.32665004E-03
   25.6977 0.46770298E-03 0.99574121E-04 0.47818519E-03
   25.7954 -.48713959E-03 0.38220649E-03 0.61918236E-03
   25.8931 0.15519725E-03 -.45119668E-04 0.16162293E-03
   25.9908 -.21166771E-03 0.39826613E-03 0.45102011E-03
   26.0886 -.29722630E-03 0.82802137E-04 0.30854443E-03
   26.1863 0.13280131E-04 0.13961073E-03 0.14024093E-03
   26.2840 -.25863701E-03 0.23501116E-03 0.34946151E-03
   26.3817 0.47213434E-04 -.14519264E-03 0.15267616E-03
   26.4794 -.85146501E-04 0.41745821E-03 0.42605316E-03
   26.5771 -.15670083E-03 -.10234987E-03 0.18716475E-03
   26.6748 -.11241182E-03 0.13454563E-03 0.17532524E-03
   26.7725 -.37768052E-03 0.27648690E-04 0.37869121E-03
   26.8702 -.10762228E-03 0.11882512E-03 0.16031832E-03
   26.9679 -.17804773E-03 0.33560031E-03 0.37990601E-03
   27.0656 -.50271983E-03 -.19246471E-03 0.53830282E-03
   27.1634 0.24044608E-04 0.40575565E-03 0.40646744E-03
   27.2611 -.56588370E-03 0.31794043E-04 0.56677614E-03
   27.3588 -.62935214E-04 0.17187902E-03 0.18303889E-03
   27.4565 -.41833695E-03 0.41666339E-03 0.59043558E-03
   27.5542 -.16504555E-03 0.19442661E-03 0.25503282E-03
   27.6519 -.18042847E-03 0.43275140E-03 0.46885840E-03
   27.7496 -.50015934E-03 0.25133759E-03 0.55975886E-03
   27.8473 0.37811576E-04 0.36477012E-03 0.36672465E-03
   27.9450 -.38733860E-03 0.39412294E-03 0.55259757E-03
   28.0427 -.32042948E-03 0.16179575E-03 0.35896088E-03
   28.1405 -.29267929E-03 0.32674032E-03 0.43865750E-03
   28.2382 -.47587903E-03 0.23103022E-03 0.52899512E-03
   28.3359 0.82784180E-04 0.26044456E-03 0.27328482E-03
   28.4336 -.26139888E-03 0.31394477E-03 0.40852258E-03
   28.5313 0.37170059E-04 0.11039748E-03 0.11648698E-03
   28.6290 -.24567283E-03 0.27267751E-03 0.36702611E-03
   28.7267 -.16149631E-03 0.19467861E-03 0.25294430E-03
   28.8244 -.48724429E-04 0.27093478E-03 0.27528117E-03
   28.9221 -.39200109E-03 0.18685158E-03 0.43425610E-03
   29.0198 -.47493559E-04 0.10923739E-03 0.11911526E-03
   29.1176 -.29523723E-03 0.32409618E-03 0.43841003E-03
   29.2153 -.26586329E-05 0.18727884E-03 0.18729772E-03
   29.3130 -.70847382E-04 0.39622537E-03 0.40250950E-03
   29.4107 -.19482372E-03 0.14786923E-03 0.24458452E-03
   29.5084 -.72990304E-04 0.28091206E-03 0.29023984E-03
   29.6061 -.16869625E-03 0.40032013E-03 0.43441297E-03
   29.7038 0.17041060E-04 0.18467463E-03 0.18545921E-03
   29.8015 -.78870100E-04 0.38102374E-03 0.38910098E-03
   29.8992 -.12749652E-03 0.12082592E-03 0.17565383E-03
   29.9969 -.15604069E-05 0.34964315E-03 0.34964664E-03
   30.0947 -.90525056E-04 0.23093742E-03 0.24804613E-03
   30.1924 0.49897590E-04 -.74520517E-05 0.50450992E-04
   30.2901 0.12049447E-04 0.16485974E-03 0.16529950E-03
   30.3878 -.71235081E-04 0.11739830E-03 0.13732006E-03
   30.4855 0.13750557E-04 0.90784117E-04 0.91819573E-04
   30.5832 -.20144900E-03 0.23668144E-03 0.31080510E-03
   30.6809 -.10963405E-03 0.33215041E-04 0.11455507E-03
   30.7786 -.17432215E-03 -.37348068E-05 0.17436215E-03
   30.8763 -.92449249E-04 0.38234633E-04 0.10004375E-03
   30.9740 -.52937576E-04 0.68650726E-04 0.86690881E-04
   31.0718 -.16416550E-03 0.35452864E-04 0.16795004E-03
   31.1695 -.15763327E-03 0.10286720E-03 0.18822834E-03
   31.2672 -.17698208E-03 0.17346327E-03 0.24781478E-03
   31.3649 -.16462561E-03 -.58393971E-05 0.16472915E-03
   31.4626 -.34702844E-04 0.34820935E-03 0.34993433E-03
   31.5603 -.36783059E-03 0.53865864E-04 0.37175379E-03
   31.6580 -.27737164E-03 0.17467653E-03 0.32779097E-03
   31.7557 -.15922496E-03 0.22448281E-03 0.27521831E-03
   31.8534 -.17946502E-03 0.12146549E-03 0.21670616E-03
   31.9511 -.17602975E-03 0.39112341E-03 0.42891025E-03
   32.0489 -.19171546E-03 0.11478117E-03 0.22344917E-03
   32.1466 -.87803259E-04 0.39440501E-03 0.40406029E-03
   32.2443 -.35903134E-03 0.25524528E-03 0.44051523E-03
   32.3420 -.13751505E-03 0.63063046E-04 0.15128561E-03
   32.4397 -.22308857E-03 0.40178036E-03 0.45956063E-03
   32.5374 -.16868183E-03 0.28750929E-03 0.33333938E-03
   32.6351 -.14734294E-03 0.35032746E-03 0.38005167E-03
   32.7328 -.13979938E-03 0.23625372E-03 0.27451720E-03
   32.8305 -.46281675E-04 0.25445188E-03 0.25862668E-03
   32.9282 -.24353787E-03 0.27426542E-03 0.36678632E-03
   33.0260 -.18938351E-03 0.23597645E-03 0.30257396E-03
   33.1237 -.26528282E-04 0.34729144E-03 0.34830318E-03
   33.2214 -.17671401E-03 0.21739761E-03 0.28015987E-03
   33.3191 -.32966752E-05 0.29677933E-03 0.29679763E-03
   33.4168 -.94614494E-04 0.28838811E-03 0.30351212E-03
   33.5145 -.24303261E-04 0.17749694E-03 0.17915304E-03
   33.6122 0.12710630E-04 0.32088047E-03 0.32113213E-03
   33.7099 -.19282928E-04 0.22394069E-03 0.22476936E-03
   33.8076 0.40135808E-04 0.18387027E-03 0.18819979E-03
   33.9053 -.49143277E-05 0.23720611E-03 0.23725702E-03
   34.0031 -.15313866E-04 0.22537303E-03 0.22589271E-03
   34.1008 0.12594072E-04 0.28920587E-03 0.28947997E-03
   34.1985 -.11952662E-03 0.13548305E-03 0.18067172E-03
   34.2962 0.95926400E-04 0.26692147E-03 0.28363525E-03
   34.3939 -.16083219E-03 0.28242185E-03 0.32500632E-03
   34.4916 0.64315864E-04 0.12693214E-03 0.14229651E-03
   34.5893 -.64163032E-04 0.15535331E-03 0.16808196E-03
   34.6870 -.56515946E-04 0.31013598E-04 0.64466236E-04
   34.7847 -.71179558E-04 0.15562425E-03 0.17112988E-03
   34.8824 -.15990759E-03 0.18836986E-03 0.24709036E-03
   34.9802 -.12036480E-04 0.13376682E-03 0.13430725E-03
   35.0779 -.79735531E-04 0.16864664E-03 0.18654609E-03
   35.1756 -.95446863E-04 0.99389341E-04 0.13779820E-03
   35.2733 -.14376406E-03 0.14648952E-03 0.20524932E-03
   35.3710 -.16545907E-03 0.14373410E-03 0.21917162E-03
   35.4687 -.47138841E-04 0.14761472E-03 0.15495862E-03
   35.5664 -.18673115E-03 0.90821930E-04 0.20764669E-03
   35.6641 -.15020391E-03 0.12499292E-03 0.19540840E-03
   35.7618 -.19505133E-03 0.18894942E-03 0.27156380E-03
   35.8595 -.19208952E-03 0.15578607E-03 0.24732100E-03
   35.9573 -.46644382E-04 0.19741240E-03 0.20284811E-03
   36.0550 -.18701227E-03 0.29207893E-04 0.18927940E-03
   36.1527 -.16743592E-03 0.23213132E-03 0.28621624E-03
   36.2504 -.23457612E-03 0.17101871E-03 0.29029872E-03
   36.3481 -.17408111E-03 0.19803991E-03 0.26367413E-03
   36.4458 -.22834106E-03 0.27235359E-03 0.35540978E-03
   36.5435 -.27728974E-03 0.28570465E-03 0.39814162E-03
   36.6412 -.12279041E-03 0.25482930E-03 0.28287002E-03
   36.7389 -.11885392E-03 0.23162831E-03 0.26034194E-03
   36.8366 -.19782325E-03 0.30668511E-03 0.36495176E-03
   36.9344 -.86510889E-04 0.30326023E-03 0.31535837E-03
   37.0321 -.14556685E-03 0.24906380E-03 0.28848308E-03
   37.1298 -.37024118E-04 0.31471413E-03 0.31688446E-03
   37.2275 -.14162902E-03 0.33014690E-03 0.35924331E-03
   37.3252 -.33121453E-05 0.29411336E-03 0.29413201E-03
   37.4229 -.10791903E-03 0.25941286E-03 0.28096538E-03
   37.5206 -.31812779E-04 0.30811146E-03 0.30974945E-03
   37.6183 -.47508574E-05 0.18073313E-03 0.18079556E-03
   37.7160 0.67625626E-06 0.25031829E-03 0.25031919E-03
   37.8137 -.17191371E-04 0.26389898E-03 0.26445836E-03
   37.9114 0.38557711E-04 0.27985687E-03 0.28250055E-03
   38.0092 -.37306520E-04 0.23510327E-03 0.23804480E-03
   38.1069 0.25821859E-04 0.21228321E-03 0.21384792E-03
   38.2046 -.22470809E-04 0.18309594E-03 0.18446967E-03
   38.3023 0.30581120E-05 0.13948538E-03 0.13951889E-03
   38.4000 -.50244795E-04 0.20365538E-03 0.20976190E-03
   38.4977 0.27437565E-04 0.21831562E-03 0.22003302E-03
   38.5954 -.17618722E-04 0.28742009E-03 0.28795958E-03
   38.6931 -.81336606E-04 0.15841532E-03 0.17807599E-03
   38.7908 -.30615116E-04 0.17180655E-03 0.17451297E-03
   38.8885 -.12549988E-03 0.13256764E-03 0.18254972E-03
   38.9863 -.29666566E-04 0.41360076E-04 0.50899518E-04
   39.0840 -.10387399E-04 0.21545161E-03 0.21570186E-03
   39.1817 -.35910911E-04 0.10850775E-03 0.11429578E-03
   39.2794 0.58746904E-04 0.58135134E-04 0.82649211E-04
   39.3771 -.22767588E-04 0.13269491E-03 0.13463396E-03
   39.4748 -.84178013E-04 0.34692475E-04 0.91046721E-04
   39.5725 -.10074028E-03 0.15949983E-03 0.18864994E-03
   39.6702 -.97049793E-04 -.34193246E-04 0.10289723E-03
   39.7679 -.12815400E-03 0.21095976E-03 0.24683491E-03
   39.8657 -.57324723E-04 0.16724733E-03 0.17679874E-03
   39.9634 -.25036666E-03 0.68792273E-04 0.25964560E-03
   40.0611 -.11121867E-03 0.18039515E-03 0.21192452E-03
   40.1588 -.13258052E-03 0.79200930E-04 0.15443569E-03
   40.2565 -.17023814E-03 0.20143915E-03 0.26373993E-03
   40.3542 -.15465877E-03 0.20532231E-03 0.25705367E-03
   40.4519 -.10029548E-03 0.20907038E-03 0.23188275E-03
   40.5496 -.14100326E-03 0.28501393E-03 0.31798563E-03
   40.6473 -.51862400E-04 0.25024576E-03 0.25556341E-03
   40.7450 -.11654344E-03 0.26346682E-03 0.28809224E-03
   40.8427 -.76652512E-04 0.20926226E-03 0.22285938E-03
   40.9405 -.59271475E-04 0.18700660E-03 0.19617486E-03
   41.0382 -.11521161E-03 0.27436440E-03 0.29757275E-03
   41.1359 -.12992139E-03 0.24798416E-03 0.27995661E-03
   41.2336 -.88216984E-04 0.38614357E-03 0.39609228E-03
   41.3313 -.11007934E-03 0.27620452E-03 0.29733212E-03
   41.4290 0.14095122E-04 0.23862199E-03 0.23903791E-03
   41.5267 -.60864106E-04 0.38262931E-03 0.38743982E-03
   41.6244 -.71993854E-04 0.22916391E-03 0.24020660E-03
   41.7221 -.63220468E-04 0.23580415E-03 0.24413198E-03
   41.8198 -.51906045E-04 0.29449168E-03 0.29903109E-03
   41.9176 -.51255145E-04 0.20932719E-03 0.21551094E-03
   42.0153 -.21279538E-04 0.19797476E-03 0.19911511E-03
   42.1130 0.21247490E-04 0.24759557E-03 0.24850559E-03
   42.2107 0.46752357E-04 0.24736577E-03 0.25174511E-03
   42.3084 0.91523245E-04 0.21488067E-03 0.23355985E-03
   42.4061 0.35669200E-04 0.33334250E-03 0.33524545E-03
   42.5038 0.24080926E-04 0.17695389E-03 0.17858492E-03
   42.6015 0.18989111E-04 0.18740927E-03 0.18836884E-03
   42.6992 0.26449903E-04 0.16427078E-03 0.16638656E-03
   42.7969 0.34240787E-04 0.18232731E-03 0.18551463E-03
   42.8947 0.10643456E-03 0.17038021E-03 0.20089233E-03
   42.9924 0.78876001E-05 0.12448375E-03 0.12473339E-03
   43.0901 0.31041393E-04 0.13067362E-03 0.13430996E-03
   43.1878 0.16525173E-04 0.86887034E-04 0.88444547E-04
   43.2855 -.16885902E-04 0.18348519E-03 0.18426054E-03
   43.3832 -.32791962E-04 0.11731245E-03 0.12180938E-03
   43.4809 -.63953019E-04 0.10781926E-03 0.12535941E-03
   43.5786 -.24138448E-04 0.14238796E-03 0.14441951E-03
   43.6763 -.58236961E-04 0.19883781E-03 0.20719078E-03
   43.7740 -.48617083E-04 0.14847348E-03 0.15623058E-03
   43.8718 -.12376580E-03 0.11702150E-03 0.17032911E-03
   43.9695 -.17519000E-04 0.13335087E-03 0.13449673E-03
   44.0672 -.32122196E-04 0.56648380E-04 0.65121996E-04
   44.1649 -.11760756E-03 0.17859349E-03 0.21383913E-03
   44.2626 -.15808000E-04 0.18994285E-03 0.19059952E-03
   44.3603 -.10687755E-03 0.19923929E-03 0.22609535E-03
   44.4580 -.11808660E-03 0.17367724E-03 0.21001959E-03
   44.5557 -.94087707E-04 0.23394810E-03 0.25215911E-03
   44.6534 -.13274973E-03 0.13291357E-03 0.18785236E-03
   44.7511 -.10253191E-03 0.25579773E-03 0.27558170E-03
   44.8489 -.12166789E-03 0.17522242E-03 0.21332128E-03
   44.9466 -.88983696E-04 0.26060233E-03 0.27537553E-03
   45.0443 -.16718653E-03 0.22926988E-03 0.28375344E-03
   45.1420 -.52808224E-04 0.23718447E-03 0.24299214E-03
   45.2397 -.82590581E-04 0.27379088E-03 0.28597665E-03
   45.3374 -.50725022E-04 0.25525922E-03 0.26025044E-03
   45.4351 -.60636783E-04 0.26679548E-03 0.27359943E-03
   45.5328 -.75327254E-04 0.27305749E-03 0.28325710E-03
   45.6305 -.49032693E-04 0.27091792E-03 0.27531933E-03
   45.7282 -.47396283E-04 0.27540801E-03 0.27945658E-03
   45.8260 -.26933330E-04 0.27589404E-03 0.27720557E-03
   45.9237 -.12350536E-04 0.27339059E-03 0.27366940E-03
   46.0214 -.66625744E-05 0.26809538E-03 0.26817815E-03
   46.1191 0.10472193E-04 0.26518459E-03 0.26539128E-03
   46.2168 0.19640724E-04 0.25959092E-03 0.26033286E-03
   46.3145 0.28211245E-04 0.25156559E-03 0.25314250E-03
   46.4122 0.35659334E-04 0.24127071E-03 0.24389167E-03
   46.5099 0.42524312E-04 0.23363522E-03 0.23747365E-03
   46.6076 0.47344907E-04 0.22434433E-03 0.22928567E-03
   46.7053 0.50402621E-04 0.21243666E-03 0.21833405E-03
   46.8031 0.52608782E-04 0.20223450E-03 0.20896526E-03
   46.9008 0.53312451E-04 0.19214678E-03 0.19940562E-03
   46.9985 0.51368293E-04 0.18094297E-03 0.18809323E-03
   47.0962 0.49573937E-04 0.16995368E-03 0.17703623E-03
   47.1939 0.44837059E-04 0.16067589E-03 0.16681457E-03
   47.2916 0.40373950E-04 0.15203554E-03 0.15730500E-03
   47.3893 0.34656056E-04 0.14414774E-03 0.14825523E-03
   47.4870 0.26421740E-04 0.13714920E-03 0.13967107E-03
   47.5847 0.18428120E-04 0.13148721E-03 0.13277229E-03
   47.6824 0.73020883E-05 0.12703064E-03 0.12724033E-03
   47.7802 -.21415185E-05 0.12445769E-03 0.12447611E-03
   47.8779 -.11952679E-04 0.12353134E-03 0.12410825E-03
   47.9756 -.22383099E-04 0.12391841E-03 0.12592369E-03
   48.0733 -.31693056E-04 0.12531767E-03 0.12926318E-03
   48.1710 -.41641593E-04 0.12916198E-03 0.13570866E-03
   48.2687 -.49389222E-04 0.13395300E-03 0.14276800E-03
   48.3664 -.58677811E-04 0.14017877E-03 0.15196438E-03
   48.4641 -.65391185E-04 0.14726950E-03 0.16113445E-03
   48.5618 -.72550763E-04 0.15599538E-03 0.17204120E-03
   48.6595 -.76130775E-04 0.16572398E-03 0.18237415E-03
   48.7573 -.80015030E-04 0.17578514E-03 0.19313938E-03
   48.8550 -.80977487E-04 0.18594613E-03 0.20281351E-03
   48.9527 -.80915124E-04 0.19722506E-03 0.21317828E-03
   49.0504 -.80501712E-04 0.20715430E-03 0.22224632E-03
   49.1481 -.77562792E-04 0.21752468E-03 0.23093933E-03
   49.2458 -.72989882E-04 0.22794506E-03 0.23934593E-03
   49.3435 -.68014560E-04 0.23750993E-03 0.24705657E-03
   49.4412 -.60667106E-04 0.24693026E-03 0.25427356E-03
   49.5389 -.52491556E-04 0.25471384E-03 0.26006636E-03
   49.6366 -.43024302E-04 0.26063423E-03 0.26416150E-03
   49.7344 -.33701690E-04 0.26575176E-03 0.26788021E-03
   49.8321 -.22195563E-04 0.26867024E-03 0.26958549E-03
