     FRE.     REAL.    IMAG.    AMP.
    0.0000 0.00000000E+00 0.16123522E-07 0.16123522E-07
    0.0977 0.44017206E-02 -.34743007E-02 0.56076651E-02
    0.1954 0.13673041E-01 -.59997723E-02 0.14931488E-01
    0.2931 0.79183755E-02 -.91877785E-02 0.12129136E-01
    0.3908 -.94479946E-02 -.73773041E-01 0.74375577E-01
    0.4885 0.71144082E-01 -.56223374E-01 0.90678267E-01
    0.5863 0.69806471E-01 -.48877420E-02 0.69977380E-01
    0.6840 -.36237080E-01 -.11331184E+00 0.11896512E+00
    0.7817 -.18775629E-01 0.77248521E-01 0.79497539E-01
    0.8794 0.33493429E-01 -.14634174E-01 0.36550909E-01
    0.9771 0.41019201E-01 -.22333956E-02 0.41079957E-01
    1.0748 -.54330621E-01 0.16198307E-01 0.56693930E-01
    1.1725 0.27528503E-02 0.50674151E-02 0.57668779E-02
    1.2702 0.15853599E-01 0.23900978E-01 0.28680889E-01
    1.3679 -.51412187E-02 0.80810040E-02 0.95778266E-02
    1.4656 0.97317708E-03 0.20443115E-01 0.20466266E-01
    1.5634 0.18697299E-01 -.36497787E-01 0.41008260E-01
    1.6611 -.23841109E-01 0.36533806E-01 0.43624736E-01
    1.7588 0.18751413E-01 0.64661736E-02 0.19834992E-01
    1.8565 0.50546713E-02 0.19617340E-01 0.20258078E-01
    1.9542 0.10094425E-01 0.13968173E-01 0.17233899E-01
    2.0519 0.24744352E-01 -.66191319E-03 0.24753204E-01
    2.1496 -.41294964E-02 0.12912783E-02 0.43266779E-02
    2.2473 0.18300490E-01 -.12468658E-01 0.22144422E-01
    2.3450 0.89957127E-02 0.46780859E-02 0.10139395E-01
    2.4427 0.11575203E-01 -.72854869E-02 0.13677121E-01
    2.5405 0.22726993E-02 -.11354382E-01 0.11579601E-01
    2.6382 0.11432456E-01 0.60452665E-02 0.12932374E-01
    2.7359 0.52610915E-02 0.29706256E-02 0.60418295E-02
    2.8336 0.87394975E-02 -.32464790E-03 0.87455250E-02
    2.9313 0.95972968E-02 -.48969891E-02 0.10774442E-01
    3.0290 0.13585070E-02 -.58042794E-02 0.59611406E-02
    3.1267 -.17475807E-02 0.74920612E-02 0.76931799E-02
    3.2244 0.62751062E-02 -.18146063E-02 0.65322090E-02
    3.3221 -.71985414E-02 -.17399314E-02 0.74058329E-02
    3.4198 0.34943887E-02 -.10723859E-01 0.11278826E-01
    3.5176 -.37046948E-02 -.18773054E-02 0.41531962E-02
    3.6153 -.20007223E-02 0.70680263E-02 0.73457393E-02
    3.7130 0.40102792E-02 -.99901017E-03 0.41328394E-02
    3.8107 -.37759217E-02 -.16887741E-02 0.41363682E-02
    3.9084 -.43175844E-02 -.43901647E-02 0.61575226E-02
    4.0061 -.30084702E-02 -.16019887E-02 0.34084104E-02
    4.1038 -.10390881E-02 -.30720565E-02 0.32430287E-02
    4.2015 0.14957773E-02 0.90806384E-03 0.17498371E-02
    4.2992 -.12159705E-02 0.53071073E-03 0.13267397E-02
    4.3969 -.30173890E-02 0.10869009E-02 0.32071779E-02
    4.4947 0.37152169E-02 0.74774027E-03 0.37897166E-02
    4.5924 -.64457848E-03 0.56055328E-02 0.56424709E-02
    4.6901 -.28436666E-03 0.14576482E-02 0.14851271E-02
    4.7878 0.12941261E-03 -.71898499E-02 0.71910145E-02
    4.8855 0.20385077E-02 -.31391308E-02 0.37429475E-02
    4.9832 0.33337108E-03 -.49098316E-02 0.49211364E-02
    5.0809 -.68441150E-03 -.71827271E-02 0.72152605E-02
    5.1786 -.89245912E-03 0.33227361E-02 0.34405026E-02
    5.2763 0.41472940E-02 0.10831861E-02 0.42864135E-02
    5.3740 -.40271084E-03 -.40225177E-02 0.40426259E-02
    5.4718 -.95202029E-02 0.18529466E-02 0.96988492E-02
    5.5695 0.44492502E-02 0.85790223E-02 0.96641323E-02
    5.6672 0.38727471E-02 0.37548875E-02 0.53941961E-02
    5.7649 0.61307899E-02 0.40930565E-02 0.73715462E-02
    5.8626 0.11465529E-02 0.12853355E-02 0.17224026E-02
    5.9603 0.31137029E-02 0.72258868E-03 0.31964481E-02
    6.0580 0.64053359E-02 0.29340819E-02 0.70453649E-02
    6.1557 0.70324948E-03 0.24254445E-02 0.25253398E-02
    6.2534 0.41925819E-02 -.54127973E-03 0.42273784E-02
    6.3511 0.45439391E-02 -.35549377E-03 0.45578238E-02
    6.4489 0.30912196E-02 -.16676758E-02 0.35123755E-02
    6.5466 0.15023099E-02 -.14041576E-02 0.20563544E-02
    6.6443 -.45581639E-03 -.27589938E-02 0.27963934E-02
    6.7420 0.17592342E-02 -.32321839E-02 0.36799344E-02
    6.8397 -.52248733E-03 0.27989154E-02 0.28472655E-02
    6.9374 0.52783531E-02 0.14059610E-02 0.54623932E-02
    7.0351 0.44078100E-02 0.37766722E-03 0.44239601E-02
    7.1328 0.29754797E-02 -.25679637E-02 0.39303838E-02
    7.2305 0.66036812E-03 -.25288914E-02 0.26136904E-02
    7.3282 0.21826909E-02 -.40154513E-02 0.45703379E-02
    7.4260 0.15206320E-02 -.10468572E-02 0.18461397E-02
    7.5237 -.11592150E-02 -.14216553E-02 0.18343618E-02
    7.6214 0.20803274E-02 -.23978702E-02 0.31745147E-02
    7.7191 -.37400841E-04 0.16089632E-03 0.16518611E-03
    7.8168 0.62326994E-03 -.21614209E-03 0.65968389E-03
    7.9145 0.38589730E-02 -.15371109E-02 0.41538393E-02
    8.0122 0.23032741E-02 0.67036861E-03 0.23988467E-02
    8.1099 0.90092717E-03 0.61707210E-05 0.90094830E-03
    8.2076 -.30611738E-03 -.79173427E-04 0.31619027E-03
    8.3053 -.27822778E-02 -.20188789E-02 0.34375780E-02
    8.4031 -.27924643E-02 -.82430418E-03 0.29115863E-02
    8.5008 -.14643400E-02 0.62909565E-03 0.15937544E-02
    8.5985 0.88354462E-03 0.82084548E-03 0.12060010E-02
    8.6962 0.11893252E-02 0.87876069E-04 0.11925673E-02
    8.7939 -.15754995E-02 -.16298076E-02 0.22668198E-02
    8.8916 -.18405789E-02 0.69785217E-03 0.19684329E-02
    8.9893 -.13117371E-02 0.18374025E-02 0.22575876E-02
    9.0870 -.27160239E-03 0.17869483E-02 0.18074712E-02
    9.1847 -.13873652E-02 -.41711400E-03 0.14487120E-02
    9.2824 -.14211090E-02 -.17002050E-03 0.14312434E-02
    9.3802 -.11740796E-02 0.23007079E-02 0.25829673E-02
    9.4779 -.36495141E-03 -.51830830E-04 0.36861358E-03
    9.5756 0.20059186E-02 0.26514055E-03 0.20233658E-02
    9.6733 0.11044978E-02 -.15586449E-03 0.11154412E-02
    9.7710 0.20171811E-02 -.95975865E-03 0.22338659E-02
    9.8687 -.10641706E-02 -.99312433E-03 0.14555944E-02
    9.9664 0.95082889E-03 -.63729502E-04 0.95296226E-03
   10.0641 0.16605469E-02 0.23532633E-02 0.28801500E-02
   10.1618 0.58429386E-03 0.24342386E-02 0.25033811E-02
   10.2595 0.23026078E-02 0.22488043E-02 0.32185593E-02
   10.3573 0.24224669E-02 -.69149729E-03 0.25192290E-02
   10.4550 0.21786417E-02 -.41581705E-03 0.22179685E-02
   10.5527 0.52312273E-03 0.12245633E-02 0.13316204E-02
   10.6504 0.89751743E-03 -.23790002E-02 0.25426717E-02
   10.7481 0.10271979E-02 -.18482237E-02 0.21144897E-02
   10.8458 -.31430044E-02 -.19952662E-02 0.37228435E-02
   10.9435 -.65509048E-04 0.21159586E-02 0.21169723E-02
   11.0412 0.19623176E-02 -.18476238E-02 0.26952559E-02
   11.1389 0.37825627E-02 -.29257666E-02 0.47820383E-02
   11.2366 0.37631646E-02 -.17560679E-02 0.41527320E-02
   11.3344 0.11480808E-02 -.18221881E-02 0.21537081E-02
   11.4321 0.24331128E-02 0.21320931E-02 0.32350980E-02
   11.5298 0.52266750E-02 0.45221173E-02 0.69114165E-02
   11.6275 0.43620379E-02 -.10989524E-02 0.44983407E-02
   11.7252 0.18304272E-02 -.49006320E-02 0.52313153E-02
   11.8229 -.17836436E-02 0.18458979E-03 0.17931698E-02
   11.9206 -.12176574E-02 -.25072836E-03 0.12432032E-02
   12.0183 -.27114328E-02 -.22066505E-03 0.27203972E-02
   12.1160 0.16572149E-02 -.37364475E-02 0.40874691E-02
   12.2137 -.19380117E-02 -.44241138E-02 0.48299762E-02
   12.3115 -.37309404E-02 -.29082492E-03 0.37422581E-02
   12.4092 -.17398630E-02 -.47795835E-04 0.17405193E-02
   12.5069 0.14556482E-02 -.34279580E-03 0.14954667E-02
   12.6046 -.49513229E-03 -.14329420E-02 0.15160735E-02
   12.7023 -.62425924E-03 -.63112332E-03 0.88770280E-03
   12.8000 -.23536339E-03 -.16686383E-02 0.16851557E-02
   12.8977 -.11403917E-02 -.83236839E-03 0.14118535E-02
   12.9954 -.17365153E-03 -.34406738E-03 0.38540526E-03
   13.0931 -.21995672E-03 -.26350472E-04 0.22152948E-03
   13.1908 0.26158418E-03 -.15826130E-03 0.30573341E-03
   13.2885 0.48658325E-03 0.13111878E-03 0.50393987E-03
   13.3863 0.30656537E-03 0.33543393E-03 0.45442078E-03
   13.4840 -.41623534E-04 0.43837118E-03 0.44034282E-03
   13.5817 0.20537905E-03 0.44363065E-03 0.48886472E-03
   13.6794 0.66479709E-03 0.45504610E-03 0.80561911E-03
   13.7771 0.61667105E-03 0.48400208E-03 0.78392681E-03
   13.8748 0.67828171E-03 0.32374857E-03 0.75158448E-03
   13.9725 0.72843285E-03 0.58030098E-03 0.93132362E-03
   14.0702 0.84612932E-03 0.66092343E-03 0.10736641E-02
   14.1679 0.10420168E-02 0.47694225E-03 0.11459811E-02
   14.2656 0.11237544E-02 0.37604920E-03 0.11850051E-02
   14.3634 0.10781814E-02 0.39536311E-03 0.11483846E-02
   14.4611 0.12765619E-02 0.21403433E-03 0.12943805E-02
   14.5588 0.13103904E-02 0.67224129E-04 0.13121136E-02
   14.6565 0.13342709E-02 0.51720879E-04 0.13352730E-02
   14.7542 0.14064662E-02 -.13898202E-03 0.14133165E-02
   14.8519 0.13535622E-02 -.26551427E-03 0.13793580E-02
   14.9496 0.13010130E-02 -.30464042E-03 0.13362039E-02
   15.0473 0.13651727E-02 -.40653165E-03 0.14244172E-02
   15.1450 0.12028137E-02 -.45778029E-03 0.12869823E-02
   15.2427 0.12792430E-02 -.58677001E-03 0.14073953E-02
   15.3405 0.12493102E-02 -.71039132E-03 0.14371610E-02
   15.4382 0.10352997E-02 -.88708388E-03 0.13633647E-02
   15.5359 0.10370881E-02 -.77037286E-03 0.12919080E-02
   15.6336 0.81006088E-03 -.73463464E-03 0.10935661E-02
   15.7313 0.81963872E-03 -.91355987E-03 0.12273546E-02
   15.8290 0.73749200E-03 -.94096671E-03 0.11955387E-02
   15.9267 0.40929488E-03 -.10134106E-02 0.10929425E-02
   16.0244 0.39011138E-03 -.10663966E-02 0.11355125E-02
   16.1221 0.31352093E-03 -.10860412E-02 0.11303897E-02
   16.2198 0.28258385E-03 -.97455597E-03 0.10146984E-02
   16.3176 0.72472678E-04 -.80444373E-03 0.80770167E-03
   16.4153 0.10662899E-03 -.86255418E-03 0.86911995E-03
   16.5130 -.54045104E-05 -.87530824E-03 0.87532494E-03
   16.6107 0.11363848E-03 -.68102207E-03 0.69043809E-03
   16.7084 0.34584958E-04 -.62069838E-03 0.62166114E-03
   16.8061 -.20386928E-03 -.76759182E-03 0.79420395E-03
   16.9038 -.28376779E-03 -.28919562E-03 0.40516449E-03
   17.0015 -.15145462E-03 -.42548531E-03 0.45163729E-03
   17.0992 -.17923789E-03 -.28599697E-03 0.33752108E-03
   17.1969 -.41479908E-03 0.50732840E-04 0.41789006E-03
   17.2947 -.17036195E-03 0.14178720E-04 0.17095095E-03
   17.3924 -.13399567E-03 0.33875366E-03 0.36429230E-03
   17.4901 -.89354166E-04 0.12354509E-03 0.15247149E-03
   17.5878 -.18244973E-03 0.21322651E-03 0.28063045E-03
   17.6855 -.45026336E-04 0.25531615E-03 0.25925605E-03
   17.7832 0.54475229E-04 0.36925953E-03 0.37325616E-03
   17.8809 0.21665174E-03 0.57237415E-03 0.61200501E-03
   17.9786 0.31755329E-03 0.49265323E-03 0.58612908E-03
   18.0763 0.31974135E-03 0.30845354E-03 0.44427256E-03
   18.1740 0.32237783E-03 0.33194051E-03 0.46272235E-03
   18.2718 0.48267754E-03 0.33770668E-03 0.58908691E-03
   18.3695 0.56731387E-03 0.49529888E-03 0.75310422E-03
   18.4672 0.67624892E-03 0.32500344E-03 0.75029314E-03
   18.5649 0.88731619E-03 0.16759154E-03 0.90300437E-03
   18.6626 0.74503897E-03 0.14866664E-03 0.75972680E-03
   18.7603 0.74195693E-03 0.16755065E-03 0.76064008E-03
   18.8580 0.87848288E-03 0.86073742E-04 0.88268955E-03
   18.9557 0.11016669E-02 -.33013686E-04 0.11021615E-02
   19.0534 0.10863083E-02 -.20402276E-03 0.11053013E-02
   19.1511 0.90187957E-03 -.21885807E-03 0.92805474E-03
   19.2489 0.89445815E-03 -.21739902E-03 0.92049863E-03
   19.3466 0.10620407E-02 -.34674074E-03 0.11172106E-02
   19.4443 0.95938088E-03 -.62113762E-03 0.11429014E-02
   19.5420 0.83457492E-03 -.71067759E-03 0.10961652E-02
   19.6397 0.72419445E-03 -.50465250E-03 0.88268443E-03
   19.7374 0.82411518E-03 -.66598092E-03 0.10595737E-02
   19.8351 0.74765919E-03 -.88839448E-03 0.11611369E-02
   19.9328 0.59528730E-03 -.78514696E-03 0.98530331E-03
   20.0305 0.45781294E-03 -.72161353E-03 0.85458689E-03
   20.1282 0.43273278E-03 -.74339495E-03 0.86017075E-03
   20.2260 0.50955667E-03 -.76053035E-03 0.91545313E-03
   20.3237 0.23576037E-03 -.86305535E-03 0.89467730E-03
   20.4214 0.24121294E-03 -.89233473E-03 0.92436193E-03
   20.5191 0.21618308E-03 -.79046853E-03 0.81949716E-03
   20.6168 0.18694280E-04 -.77564642E-03 0.77587168E-03
   20.7145 -.82272512E-04 -.68095990E-03 0.68591192E-03
   20.8122 -.13889532E-03 -.61298040E-03 0.62851957E-03
   20.9099 -.50361115E-04 -.61662169E-03 0.61867485E-03
   21.0076 -.22283627E-03 -.54052676E-03 0.58465818E-03
   21.1053 -.15432297E-03 -.51202672E-03 0.53477747E-03
   21.2031 -.18781365E-03 -.34021086E-03 0.38860957E-03
   21.3008 -.27567224E-03 -.32928438E-03 0.42944544E-03
   21.3985 -.21931549E-03 -.93679897E-04 0.23848524E-03
   21.4962 -.32701087E-03 -.28192901E-04 0.32822392E-03
   21.5939 -.19972633E-03 -.56169167E-04 0.20747430E-03
   21.6916 -.20284788E-03 -.15836022E-04 0.20346508E-03
   21.7893 -.49014801E-04 0.12074924E-03 0.13031818E-03
   21.8870 -.14477236E-04 0.20596845E-03 0.20647662E-03
   21.9847 -.58724370E-04 0.21449034E-03 0.22238403E-03
   22.0824 0.70210226E-04 0.28635355E-03 0.29483525E-03
   22.1802 0.10779508E-03 0.26410053E-03 0.28525229E-03
   22.2779 0.18819567E-03 0.27189541E-03 0.33067312E-03
   22.3756 0.24968627E-03 0.37691733E-03 0.45211715E-03
   22.4733 0.39623523E-03 0.26279147E-03 0.47545947E-03
   22.5710 0.45941584E-03 0.23267830E-03 0.51497779E-03
   22.6687 0.53870876E-03 0.25742839E-03 0.59705653E-03
   22.7664 0.58081036E-03 0.25103989E-03 0.63274143E-03
   22.8641 0.64697175E-03 0.20961709E-03 0.68008219E-03
   22.9618 0.72605349E-03 0.12309615E-03 0.73641451E-03
   23.0595 0.73142315E-03 -.19446954E-04 0.73168165E-03
   23.1573 0.78225398E-03 0.17183542E-04 0.78244269E-03
   23.2550 0.74776029E-03 -.58283524E-04 0.75002830E-03
   23.3527 0.78830664E-03 -.17337892E-03 0.80714782E-03
   23.4504 0.75628376E-03 -.15228608E-03 0.77146367E-03
   23.5481 0.84653369E-03 -.36349715E-03 0.92127599E-03
   23.6458 0.78437442E-03 -.49772550E-03 0.92896388E-03
   23.7435 0.71997481E-03 -.42049654E-03 0.83377521E-03
   23.8412 0.70271734E-03 -.53387746E-03 0.88251731E-03
   23.9389 0.64275484E-03 -.58809319E-03 0.87119883E-03
   24.0366 0.67940092E-03 -.60006510E-03 0.90645667E-03
   24.1344 0.61725214E-03 -.64998952E-03 0.89637411E-03
   24.2321 0.43477892E-03 -.71580347E-03 0.83750061E-03
   24.3298 0.35046844E-03 -.75074454E-03 0.82852005E-03
   24.4275 0.33767649E-03 -.76169323E-03 0.83318783E-03
   24.5252 0.18577752E-03 -.72268333E-03 0.74617990E-03
   24.6229 0.17457776E-03 -.77611062E-03 0.79550303E-03
   24.7206 0.57794441E-05 -.71965292E-03 0.71967614E-03
   24.8183 0.10329314E-03 -.72267983E-03 0.73002442E-03
   24.9160 0.68242075E-05 -.67115785E-03 0.67119254E-03
   25.0137 -.10594242E-03 -.63393731E-03 0.64272882E-03
   25.1115 -.20515775E-03 -.56121440E-03 0.59753773E-03
   25.2092 -.22108621E-03 -.47720419E-03 0.52593055E-03
   25.3069 -.24801126E-03 -.46033619E-03 0.52289484E-03
   25.4046 -.26340567E-03 -.26156861E-03 0.37121514E-03
   25.5023 -.19563861E-03 -.30818590E-03 0.36503837E-03
   25.6000 -.21921541E-03 -.19268981E-03 0.29186427E-03
   25.6977 -.30226537E-03 -.97849654E-04 0.31770885E-03
   25.7954 -.20061848E-03 -.41614174E-04 0.20488903E-03
   25.8931 -.16971120E-03 -.22582890E-04 0.17120712E-03
   25.9908 -.17360874E-03 0.22770373E-04 0.17509564E-03
   26.0886 -.17689634E-03 0.54356347E-04 0.18505925E-03
   26.1863 -.51826228E-04 0.12151778E-03 0.13210802E-03
   26.2840 0.50759307E-04 0.14477965E-03 0.15341987E-03
   26.3817 0.40165243E-04 0.17978961E-03 0.18422147E-03
   26.4794 0.13039880E-03 0.23706416E-03 0.27056102E-03
   26.5771 0.19945409E-03 0.19161527E-03 0.27658333E-03
   26.6748 0.28489428E-03 0.25293475E-03 0.38097342E-03
   26.7725 0.32061432E-03 0.25340015E-03 0.40866266E-03
   26.8702 0.36792457E-03 0.22296059E-03 0.43020915E-03
   26.9679 0.44815394E-03 0.19332513E-03 0.48807435E-03
   27.0656 0.52872131E-03 0.14921631E-03 0.54937397E-03
   27.1634 0.55941747E-03 0.74295938E-04 0.56432950E-03
   27.2611 0.62213803E-03 0.20409836E-04 0.62247273E-03
   27.3588 0.65636268E-03 0.89158721E-05 0.65642322E-03
   27.4565 0.63471921E-03 -.12017289E-03 0.64599537E-03
   27.5542 0.69348782E-03 -.10489469E-03 0.70137595E-03
   27.6519 0.64815726E-03 -.20715139E-03 0.68045541E-03
   27.7496 0.66886080E-03 -.27114607E-03 0.72173052E-03
   27.8473 0.62003493E-03 -.35353928E-03 0.71374601E-03
   27.9450 0.60693274E-03 -.38095747E-03 0.71658631E-03
   28.0427 0.61492529E-03 -.45005241E-03 0.76202379E-03
   28.1405 0.55115682E-03 -.52310299E-03 0.75987534E-03
   28.2382 0.52656588E-03 -.57354540E-03 0.77860511E-03
   28.3359 0.48989285E-03 -.61644841E-03 0.78740309E-03
   28.4336 0.40529776E-03 -.62854838E-03 0.74788992E-03
   28.5313 0.31293766E-03 -.66961918E-03 0.73913450E-03
   28.6290 0.27000502E-03 -.66748809E-03 0.72002993E-03
   28.7267 0.19312548E-03 -.66774368E-03 0.69511082E-03
   28.8244 0.13472563E-03 -.70418644E-03 0.71695854E-03
   28.9221 0.84731306E-04 -.65363519E-03 0.65910420E-03
   29.0198 -.56497724E-05 -.64687937E-03 0.64690405E-03
   29.1176 -.21480895E-04 -.61894837E-03 0.61932101E-03
   29.2153 -.10088601E-03 -.58217143E-03 0.59084815E-03
   29.3130 -.16223158E-03 -.54500182E-03 0.56863530E-03
   29.4107 -.16599445E-03 -.46944263E-03 0.49792626E-03
   29.5084 -.22556852E-03 -.44427995E-03 0.49826282E-03
   29.6061 -.24530574E-03 -.39182053E-03 0.46227506E-03
   29.7038 -.25744954E-03 -.29748352E-03 0.39341673E-03
   29.8015 -.26540647E-03 -.24877925E-03 0.36377425E-03
   29.8992 -.25991339E-03 -.23237419E-03 0.34864413E-03
   29.9969 -.23476972E-03 -.11479240E-03 0.26133141E-03
   30.0947 -.23768417E-03 -.88337947E-04 0.25356925E-03
   30.1924 -.17188289E-03 -.20570336E-04 0.17310941E-03
   30.2901 -.16527009E-03 0.54403947E-04 0.17399422E-03
   30.3878 -.13291526E-03 0.67963061E-04 0.14928309E-03
   30.4855 -.54383414E-04 0.10765043E-03 0.12060750E-03
   30.5832 -.32780786E-05 0.17054460E-03 0.17057611E-03
   30.6809 0.44462540E-04 0.18448516E-03 0.18976747E-03
   30.7786 0.12098782E-03 0.18792105E-03 0.22350028E-03
   30.8763 0.16303096E-03 0.17990867E-03 0.24278843E-03
   30.9740 0.26395338E-03 0.17956980E-03 0.31924396E-03
   31.0718 0.27531481E-03 0.14696628E-03 0.31208547E-03
   31.1695 0.35295563E-03 0.12680414E-03 0.37504261E-03
   31.2672 0.40217608E-03 0.89796755E-04 0.41207895E-03
   31.3649 0.45275353E-03 0.96763513E-04 0.46297835E-03
   31.4626 0.51265728E-03 0.42676849E-04 0.51443058E-03
   31.5603 0.54292480E-03 -.91151123E-05 0.54300128E-03
   31.6580 0.53226843E-03 -.61773528E-04 0.53584104E-03
   31.7557 0.55145920E-03 -.10350629E-03 0.56108896E-03
   31.8534 0.55800285E-03 -.20797533E-03 0.59550058E-03
   31.9511 0.56872290E-03 -.25391034E-03 0.62282919E-03
   32.0489 0.57283026E-03 -.32852622E-03 0.66035142E-03
   32.1466 0.56166324E-03 -.38765129E-03 0.68245083E-03
   32.2443 0.50803681E-03 -.40346605E-03 0.64875750E-03
   32.3420 0.44465269E-03 -.44782046E-03 0.63107780E-03
   32.4397 0.47464785E-03 -.50118100E-03 0.69027022E-03
   32.5374 0.37553121E-03 -.54693397E-03 0.66344591E-03
   32.6351 0.38003153E-03 -.58831187E-03 0.70038193E-03
   32.7328 0.31233320E-03 -.62005961E-03 0.69428090E-03
   32.8305 0.25885500E-03 -.60776691E-03 0.66059560E-03
   32.9282 0.19895365E-03 -.64717449E-03 0.67706528E-03
   33.0260 0.11152354E-03 -.65652828E-03 0.66593307E-03
   33.1237 0.46810601E-04 -.63285808E-03 0.63458696E-03
   33.2214 0.43115422E-04 -.62320847E-03 0.62469812E-03
   33.3191 -.28786555E-04 -.59091754E-03 0.59161830E-03
   33.4168 -.82000763E-04 -.56511129E-03 0.57102967E-03
   33.5145 -.95937845E-04 -.53478987E-03 0.54332707E-03
   33.6122 -.19401551E-03 -.51069615E-03 0.54630812E-03
   33.7099 -.21799866E-03 -.43845689E-03 0.48966095E-03
   33.8076 -.21416529E-03 -.39557175E-03 0.44982639E-03
   33.9053 -.23846154E-03 -.32304320E-03 0.40152311E-03
   34.0031 -.25398441E-03 -.28764884E-03 0.38373159E-03
   34.1008 -.26843805E-03 -.21048532E-03 0.34112029E-03
   34.1985 -.29892049E-03 -.15732905E-03 0.33779565E-03
   34.2962 -.26680669E-03 -.92415627E-04 0.28235873E-03
   34.3939 -.16826537E-03 -.45014855E-04 0.17418258E-03
   34.4916 -.20680254E-03 -.12319340E-04 0.20716914E-03
   34.5893 -.17147529E-03 0.40256495E-04 0.17613733E-03
   34.6870 -.10291796E-03 0.56709676E-04 0.11750785E-03
   34.7847 -.22333581E-04 0.11893165E-03 0.12101044E-03
   34.8824 -.21283693E-05 0.15246694E-03 0.15248179E-03
   34.9802 0.33615488E-04 0.16265562E-03 0.16609290E-03
   35.0779 0.50370065E-04 0.12348586E-03 0.13336379E-03
   35.1756 0.16263466E-03 0.14713763E-03 0.21931602E-03
   35.2733 0.18318155E-03 0.14406502E-03 0.23304552E-03
   35.3710 0.26896092E-03 0.13954550E-03 0.30300647E-03
   35.4687 0.29087547E-03 0.84132480E-04 0.30279829E-03
   35.5664 0.32972044E-03 0.47810423E-04 0.33316872E-03
   35.6641 0.43966042E-03 0.19685362E-04 0.44010091E-03
   35.7618 0.40218956E-03 0.47007408E-04 0.40492733E-03
   35.8595 0.46533483E-03 -.77213146E-04 0.47169733E-03
   35.9573 0.45655112E-03 -.12902885E-03 0.47443373E-03
   36.0550 0.48634404E-03 -.20725442E-03 0.52866334E-03
   36.1527 0.49453828E-03 -.19758586E-03 0.53254887E-03
   36.2504 0.47721257E-03 -.23804673E-03 0.53328986E-03
   36.3481 0.47755032E-03 -.31275567E-03 0.57085062E-03
   36.4458 0.42832198E-03 -.37482192E-03 0.56916708E-03
   36.5435 0.43017106E-03 -.42826837E-03 0.60700980E-03
   36.6412 0.41018284E-03 -.42241748E-03 0.58880087E-03
   36.7389 0.39408827E-03 -.52614079E-03 0.65736572E-03
   36.8366 0.34153392E-03 -.57917059E-03 0.67237194E-03
   36.9344 0.36637168E-03 -.54409046E-03 0.65594411E-03
   37.0321 0.22473489E-03 -.62782399E-03 0.66683488E-03
   37.1298 0.21990939E-03 -.58829028E-03 0.62804902E-03
   37.2275 0.79651705E-04 -.59291901E-03 0.59824524E-03
   37.3252 0.61915256E-04 -.62951993E-03 0.63255738E-03
   37.4229 0.27320755E-04 -.59713540E-03 0.59776008E-03
   37.5206 -.72782721E-04 -.60703710E-03 0.61138481E-03
   37.6183 -.96262986E-04 -.55826496E-03 0.56650362E-03
   37.7160 -.16235931E-03 -.52958372E-03 0.55391289E-03
   37.8137 -.15428424E-03 -.46954080E-03 0.49423898E-03
   37.9114 -.20625150E-03 -.45084476E-03 0.49578288E-03
   38.0092 -.19970936E-03 -.38971793E-03 0.43790854E-03
   38.1069 -.27158970E-03 -.36836174E-03 0.45765855E-03
   38.2046 -.29572909E-03 -.27559994E-03 0.40424129E-03
   38.3023 -.27640624E-03 -.26591725E-03 0.38355234E-03
   38.4000 -.30394731E-03 -.19383189E-03 0.36049238E-03
   38.4977 -.27031425E-03 -.19603306E-03 0.33391430E-03
   38.5954 -.26549536E-03 -.10562456E-03 0.28573471E-03
   38.6931 -.21276361E-03 -.56648019E-04 0.22017573E-03
   38.7908 -.22029174E-03 0.15244231E-04 0.22081856E-03
   38.8885 -.18295101E-03 0.56744346E-04 0.19154894E-03
   38.9863 -.12662067E-03 0.89418303E-04 0.15501105E-03
   39.0840 -.29779623E-04 0.10285718E-03 0.10708140E-03
   39.1817 -.11904444E-04 0.10976267E-03 0.11040633E-03
   39.2794 -.17269049E-04 0.12669069E-03 0.12786224E-03
   39.3771 0.65925633E-04 0.99464982E-04 0.11932926E-03
   39.4748 0.11239449E-03 0.10749424E-03 0.15552342E-03
   39.5725 0.19560735E-03 0.14868469E-03 0.24570178E-03
   39.6702 0.20033414E-03 0.89242669E-04 0.21931261E-03
   39.7679 0.30063104E-03 0.62747582E-04 0.30710956E-03
   39.8657 0.33645876E-03 0.18736479E-04 0.33698004E-03
   39.9634 0.33009835E-03 -.30427469E-04 0.33149775E-03
   40.0611 0.38693368E-03 -.35999627E-04 0.38860473E-03
   40.1588 0.40349484E-03 -.96925243E-04 0.41497298E-03
   40.2565 0.41337003E-03 -.15371713E-03 0.44102577E-03
   40.3542 0.42857887E-03 -.17725823E-03 0.46378910E-03
   40.4519 0.44243445E-03 -.23813773E-03 0.50245179E-03
   40.5496 0.39543005E-03 -.29967754E-03 0.49615680E-03
   40.6473 0.42729574E-03 -.33405994E-03 0.54238149E-03
   40.7450 0.41463639E-03 -.37869165E-03 0.56154316E-03
   40.8427 0.38955835E-03 -.41537103E-03 0.56946359E-03
   40.9405 0.35654468E-03 -.49503974E-03 0.61007251E-03
   41.0382 0.32158647E-03 -.51969674E-03 0.61114854E-03
   41.1359 0.27790482E-03 -.55288384E-03 0.61879854E-03
   41.2336 0.21911928E-03 -.57077972E-03 0.61139412E-03
   41.3313 0.16512899E-03 -.59423939E-03 0.61675604E-03
   41.4290 0.13063708E-03 -.60251169E-03 0.61651145E-03
   41.5267 0.71725830E-04 -.59036980E-03 0.59471093E-03
   41.6244 -.13591619E-04 -.60207740E-03 0.60223078E-03
   41.7221 -.57472495E-04 -.56836178E-03 0.57126017E-03
   41.8198 -.11332225E-03 -.55597175E-03 0.56740333E-03
   41.9176 -.11526986E-03 -.55796694E-03 0.56974927E-03
   42.0153 -.19052299E-03 -.49276266E-03 0.52831246E-03
   42.1130 -.22515029E-03 -.49291924E-03 0.54190593E-03
   42.2107 -.23662187E-03 -.43339210E-03 0.49377995E-03
   42.3084 -.27178263E-03 -.36442603E-03 0.45461208E-03
   42.4061 -.27698369E-03 -.35430191E-03 0.44972193E-03
   42.5038 -.30476408E-03 -.29196139E-03 0.42204573E-03
   42.6015 -.26820195E-03 -.23053640E-03 0.35366556E-03
   42.6992 -.29171043E-03 -.20240422E-03 0.35505273E-03
   42.7969 -.28705763E-03 -.13784679E-03 0.31843965E-03
   42.8947 -.24779222E-03 -.92097966E-04 0.26435396E-03
   42.9924 -.21896380E-03 -.31503816E-04 0.22121854E-03
   43.0901 -.21897120E-03 0.23472434E-06 0.21897133E-03
   43.1878 -.17248440E-03 0.37207148E-04 0.17645181E-03
   43.2855 -.12486718E-03 0.53097076E-04 0.13568754E-03
   43.3832 -.64273758E-04 0.11637295E-03 0.13294278E-03
   43.4809 -.39071234E-04 0.11699150E-03 0.12334331E-03
   43.5786 0.36922407E-04 0.10772951E-03 0.11388113E-03
   43.6763 0.75253047E-04 0.10298675E-03 0.12755113E-03
   43.7740 0.12184813E-03 0.11712232E-03 0.16901066E-03
   43.8718 0.16528633E-03 0.11539149E-03 0.20158067E-03
   43.9695 0.21158117E-03 0.45686043E-04 0.21645740E-03
   44.0672 0.26375827E-03 0.52928044E-04 0.26901637E-03
   44.1649 0.29559142E-03 0.40770381E-04 0.29838987E-03
   44.2626 0.34090548E-03 -.11724221E-04 0.34110702E-03
   44.3603 0.33474964E-03 -.48500387E-04 0.33824489E-03
   44.4580 0.38206912E-03 -.12917249E-03 0.40331419E-03
   44.5557 0.35707699E-03 -.14507431E-03 0.38542255E-03
   44.6534 0.40811495E-03 -.18730974E-03 0.44904649E-03
   44.7511 0.42617929E-03 -.24672318E-03 0.49244403E-03
   44.8489 0.39050105E-03 -.28953803E-03 0.48613100E-03
   44.9466 0.36744517E-03 -.36161661E-03 0.51554100E-03
   45.0443 0.34448857E-03 -.41019890E-03 0.53566362E-03
   45.1420 0.32417223E-03 -.44292168E-03 0.54887816E-03
   45.2397 0.27145911E-03 -.49343280E-03 0.56317489E-03
   45.3374 0.23202084E-03 -.51603082E-03 0.56579278E-03
   45.4351 0.20339307E-03 -.54575555E-03 0.58242411E-03
   45.5328 0.16306863E-03 -.56656671E-03 0.58956700E-03
   45.6305 0.10931102E-03 -.57942118E-03 0.58964209E-03
   45.7282 0.47794816E-04 -.58913801E-03 0.59107353E-03
   45.8260 0.27307542E-05 -.58805523E-03 0.58806158E-03
   45.9237 -.46882356E-04 -.58399502E-03 0.58587384E-03
   46.0214 -.95005053E-04 -.56482397E-03 0.57275832E-03
   46.1191 -.14358039E-03 -.54443715E-03 0.56305161E-03
   46.2168 -.18802320E-03 -.51790004E-03 0.55097474E-03
   46.3145 -.22433886E-03 -.48502616E-03 0.53439528E-03
   46.4122 -.25776515E-03 -.44512705E-03 0.51437435E-03
   46.5099 -.28488223E-03 -.40209605E-03 0.49278711E-03
   46.6076 -.30564971E-03 -.35565667E-03 0.46894926E-03
   46.7053 -.31963858E-03 -.30646106E-03 0.44281734E-03
   46.8031 -.32651500E-03 -.25662989E-03 0.41529621E-03
   46.9008 -.32610612E-03 -.20596267E-03 0.38570174E-03
   46.9985 -.31811258E-03 -.15609953E-03 0.35434825E-03
   47.0962 -.30328677E-03 -.10825097E-03 0.32202661E-03
   47.1939 -.28198026E-03 -.62844323E-04 0.28889839E-03
   47.2916 -.25392865E-03 -.20971363E-04 0.25479318E-03
   47.3893 -.22063951E-03 0.16062655E-04 0.22122342E-03
   47.4870 -.18186975E-03 0.47904883E-04 0.18807309E-03
   47.5847 -.13910023E-03 0.73884257E-04 0.15750478E-03
   47.6824 -.93249851E-04 0.92978997E-04 0.13168382E-03
   47.7802 -.45062581E-04 0.10565512E-03 0.11486357E-03
   47.8779 0.43305799E-05 0.11070842E-03 0.11079309E-03
   47.9756 0.53977947E-04 0.10852391E-03 0.12120668E-03
   48.0733 0.10283103E-03 0.99479032E-04 0.14307445E-03
   48.1710 0.14971120E-03 0.83104009E-04 0.17123001E-03
   48.2687 0.19403450E-03 0.60221621E-04 0.20316502E-03
   48.3664 0.23444157E-03 0.30971201E-04 0.23647846E-03
   48.4641 0.27015156E-03 -.37083707E-05 0.27017700E-03
   48.5618 0.30057618E-03 -.43506076E-04 0.30370845E-03
   48.6595 0.32505527E-03 -.87010492E-04 0.33649927E-03
   48.7573 0.34258480E-03 -.13393156E-03 0.36783420E-03
   48.8550 0.35352577E-03 -.18310820E-03 0.39813199E-03
   48.9527 0.35730866E-03 -.23308383E-03 0.42661172E-03
   49.0504 0.35369795E-03 -.28352157E-03 0.45330642E-03
   49.1481 0.34289013E-03 -.33268155E-03 0.47775585E-03
   49.2458 0.32499962E-03 -.38012688E-03 0.50012115E-03
   49.3435 0.30071204E-03 -.42458941E-03 0.52029215E-03
   49.4412 0.27012805E-03 -.46509458E-03 0.53784956E-03
   49.5389 0.23407738E-03 -.50106941E-03 0.55304862E-03
   49.6366 0.19330878E-03 -.53147780E-03 0.56554127E-03
   49.7344 0.14863229E-03 -.55584405E-03 0.57537307E-03
   49.8321 0.10075176E-03 -.57332742E-03 0.58211276E-03
