     FRE.     REAL.    IMAG.    AMP.
    0.0000 0.00000000E+00 -.64901542E-08 0.64901542E-08
    0.0976 -.95201924E-01 -.26717072E-02 0.95239408E-01
    0.1951 -.64343959E-01 0.35117820E-01 0.73303521E-01
    0.2927 0.45346249E-01 0.79718523E-01 0.91713279E-01
    0.3902 0.35753351E-01 -.33783242E-01 0.49189527E-01
    0.4878 0.38289294E-01 -.50080521E-02 0.38615420E-01
    0.5854 0.28487680E-01 -.10360325E-01 0.30313104E-01
    0.6829 0.16334770E-01 -.58444659E-02 0.17348846E-01
    0.7805 -.16869396E-03 0.46045057E-03 0.49037981E-03
    0.8780 0.81125051E-02 -.17738003E-01 0.19505115E-01
    0.9756 0.10709686E-01 0.10180281E-01 0.14776180E-01
    1.0732 0.54178485E-02 -.10085505E-01 0.11448602E-01
    1.1707 0.80854818E-02 -.77904291E-02 0.11227903E-01
    1.2683 0.54132729E-02 -.23507192E-02 0.59016440E-02
    1.3659 0.54578739E-02 -.67821224E-02 0.87054912E-02
    1.4634 -.16276895E-02 0.69580169E-03 0.17701732E-02
    1.5610 -.63321106E-02 -.10027293E-01 0.11859268E-01
    1.6585 0.35548070E-02 -.54671145E-02 0.65211956E-02
    1.7561 -.43004127E-02 -.71762386E-02 0.83661191E-02
    1.8537 -.48388148E-03 0.29807591E-02 0.30197792E-02
    1.9512 0.12747334E-03 -.62712179E-02 0.62725134E-02
    2.0488 -.19788961E-02 -.15261469E-02 0.24990307E-02
    2.1463 0.20011366E-03 -.52347500E-03 0.56042086E-03
    2.2439 0.33359224E-03 -.53195837E-02 0.53300331E-02
    2.3415 -.66494627E-03 0.17030577E-02 0.18282667E-02
    2.4390 -.33971523E-02 -.35297575E-02 0.48989621E-02
    2.5366 -.38378658E-02 -.15709032E-02 0.41469205E-02
    2.6341 -.45146619E-04 -.43173824E-03 0.43409230E-03
    2.7317 -.14397203E-02 -.25060403E-02 0.28901612E-02
    2.8293 -.11973369E-02 -.54269464E-03 0.13145849E-02
    2.9268 -.14511185E-02 -.30560637E-03 0.14829498E-02
    3.0244 -.24262697E-02 0.46354404E-03 0.24701534E-02
    3.1220 -.93195983E-03 0.76499896E-03 0.12057249E-02
    3.2195 -.16997856E-02 0.15838465E-02 0.23233255E-02
    3.3171 -.52592168E-02 -.42766376E-04 0.52593905E-02
    3.4146 -.25551890E-02 -.19247271E-02 0.31989943E-02
    3.5122 0.33780212E-04 0.19927409E-03 0.20211696E-03
    3.6098 -.13478927E-02 0.84085466E-03 0.15886633E-02
    3.7073 -.16533289E-02 0.10758561E-03 0.16568257E-02
    3.8049 -.30265551E-02 0.68626628E-03 0.31033847E-02
    3.9024 -.11105915E-02 0.22373395E-02 0.24978193E-02
    4.0000 -.29689772E-02 0.15175550E-02 0.33343362E-02
    4.0976 -.24836718E-02 0.97387179E-03 0.26677803E-02
    4.1951 -.21650011E-02 -.56465121E-03 0.22374229E-02
    4.2927 -.33325900E-03 0.15250940E-02 0.15610808E-02
    4.3902 0.34396496E-03 0.89218951E-03 0.95619768E-03
    4.4878 -.77158096E-03 0.11739173E-02 0.14047844E-02
    4.5854 -.10776616E-02 0.16294456E-02 0.19535730E-02
    4.6829 -.91511896E-03 0.17094174E-02 0.19389561E-02
    4.7805 -.16825568E-02 0.17356970E-02 0.24173625E-02
    4.8780 -.33019239E-03 0.27431073E-03 0.42927076E-03
    4.9756 -.15113708E-02 0.51320094E-03 0.15961255E-02
    5.0732 -.56187197E-03 0.10869695E-02 0.12236024E-02
    5.1707 0.32402479E-03 0.12785456E-02 0.13189658E-02
    5.2683 0.50407689E-03 0.21789141E-02 0.22364615E-02
    5.3659 0.71552518E-03 0.23919689E-03 0.75444777E-03
    5.4634 0.12835335E-02 0.14745037E-02 0.19548961E-02
    5.5610 0.73931692E-03 0.11514057E-02 0.13683292E-02
    5.6585 0.28286828E-03 0.23428572E-02 0.23598718E-02
    5.7561 0.28487382E-03 0.12046015E-02 0.12378278E-02
    5.8537 0.11354221E-02 0.14550810E-02 0.18456555E-02
    5.9512 0.28047728E-03 0.12373619E-02 0.12687522E-02
    6.0488 0.12284516E-02 0.13824404E-02 0.18493878E-02
    6.1463 0.12757391E-02 0.11379692E-02 0.17095275E-02
    6.2439 0.89016923E-03 0.10327877E-03 0.89614047E-03
    6.3415 -.22090282E-03 0.12924873E-04 0.22128061E-03
    6.4390 0.27089537E-03 0.18721132E-02 0.18916110E-02
    6.5366 0.28839736E-03 -.29064121E-03 0.40944517E-03
    6.6341 0.53054339E-03 0.46973029E-03 0.70860627E-03
    6.7317 0.70401869E-03 0.10524731E-02 0.12662314E-02
    6.8293 0.13580915E-02 -.53836085E-03 0.14609055E-02
    6.9268 0.22009416E-02 -.63985906E-03 0.22920654E-02
    7.0244 0.92159596E-03 0.60657045E-03 0.11032982E-02
    7.1220 0.62073895E-03 -.15592838E-02 0.16782976E-02
    7.2195 -.10627450E-02 -.52391714E-03 0.11848697E-02
    7.3171 0.48934307E-03 -.42661821E-03 0.64919930E-03
    7.4146 -.33515906E-04 0.12479933E-02 0.12484433E-02
    7.5122 0.14103689E-02 -.16846687E-02 0.21971001E-02
    7.6098 -.27558678E-02 -.27525956E-02 0.38950725E-02
    7.7073 0.15405178E-02 0.15513341E-03 0.15483092E-02
    7.8049 0.24165087E-02 0.49223105E-03 0.24661317E-02
    7.9024 0.33140113E-03 -.24046614E-02 0.24273901E-02
    8.0000 0.16095820E-02 0.36733231E-03 0.16509655E-02
    8.0976 0.39600476E-04 -.26289359E-04 0.47532390E-04
    8.1951 0.13454572E-02 -.47996291E-02 0.49846456E-02
    8.2927 -.11635147E-02 -.18137294E-02 0.21548506E-02
    8.3902 -.35393969E-02 0.39544533E-03 0.35614192E-02
    8.4878 0.50691632E-03 0.62491302E-03 0.80466171E-03
    8.5854 0.26485948E-02 -.87898260E-03 0.27906387E-02
    8.6829 0.14146315E-02 -.34297986E-02 0.37100811E-02
    8.7805 0.75609836E-03 0.96180860E-03 0.12234217E-02
    8.8780 0.40124557E-02 0.99027599E-03 0.41328496E-02
    8.9756 0.24691531E-02 -.16818159E-02 0.29875110E-02
    9.0732 -.11025139E-03 -.22647639E-02 0.22674459E-02
    9.1707 -.31292045E-02 -.21347271E-02 0.37880049E-02
    9.2683 -.94503415E-03 -.90807189E-04 0.94938691E-03
    9.3659 -.29326731E-02 0.23992227E-02 0.37890421E-02
    9.4634 0.13048006E-02 -.22410862E-02 0.25932551E-02
    9.5610 0.34395879E-03 -.58307551E-03 0.67696726E-03
    9.6585 0.21617027E-03 -.28262479E-03 0.35581787E-03
    9.7561 -.33106138E-02 0.24175048E-02 0.40993285E-02
    9.8537 0.19503968E-02 -.14509161E-02 0.24308856E-02
    9.9512 0.24973783E-02 0.19307110E-02 0.31566664E-02
   10.0488 -.81214408E-03 0.66209375E-03 0.10478293E-02
   10.1463 0.13287521E-02 0.34752269E-02 0.37205892E-02
   10.2439 -.19088816E-02 -.12092747E-02 0.22596845E-02
   10.3415 -.17922756E-02 -.76493196E-03 0.19486848E-02
   10.4390 0.21230719E-03 -.32807025E-02 0.32875650E-02
   10.5366 -.68532705E-03 0.73223468E-03 0.10029161E-02
   10.6341 -.66918125E-04 -.13406776E-02 0.13423467E-02
   10.7317 0.40586444E-03 -.33863945E-03 0.52858551E-03
   10.8293 0.13846534E-02 0.26299756E-02 0.29722108E-02
   10.9268 -.46589030E-02 0.49915985E-03 0.46855668E-02
   11.0244 -.51829481E-03 0.31948173E-02 0.32365858E-02
   11.1220 -.12108317E-02 -.30474479E-02 0.32791847E-02
   11.2195 0.38690567E-02 -.69809583E-04 0.38696865E-02
   11.3171 -.23619891E-02 0.44383903E-03 0.24033280E-02
   11.4146 -.77673339E-03 -.30203499E-02 0.31186261E-02
   11.5122 0.26170518E-02 -.50169131E-03 0.26647053E-02
   11.6098 0.83894818E-03 0.80736689E-04 0.84282411E-03
   11.7073 -.35573479E-02 0.11376686E-02 0.37348380E-02
   11.8049 -.45765508E-02 0.71168615E-03 0.46315566E-02
   11.9024 -.27361087E-03 -.24429248E-02 0.24581994E-02
   12.0000 -.19160047E-02 0.22491552E-02 0.29546190E-02
   12.0976 -.47765503E-03 -.16589445E-02 0.17263404E-02
   12.1951 0.52323877E-02 0.50056828E-02 0.72411839E-02
   12.2927 0.27912706E-02 -.20319768E-02 0.34525529E-02
   12.3902 0.65993622E-03 0.37493615E-02 0.38069971E-02
   12.4878 0.39478079E-02 0.48612710E-02 0.62623592E-02
   12.5854 -.19782619E-02 0.46968209E-02 0.50964346E-02
   12.6829 0.19846258E-02 0.20046588E-02 0.28208857E-02
   12.7805 -.23306932E-02 -.27158298E-02 0.35788072E-02
   12.8780 -.20919868E-02 0.47436845E-02 0.51844916E-02
   12.9756 -.96596318E-03 -.12109915E-02 0.15490595E-02
   13.0732 0.18865404E-02 0.16883892E-02 0.25317371E-02
   13.1707 -.27290408E-02 -.75576885E-03 0.28317575E-02
   13.2683 0.39702989E-02 0.19766039E-02 0.44351141E-02
   13.3659 -.43303147E-02 -.30749645E-02 0.53110295E-02
   13.4634 0.29599222E-02 -.38547763E-02 0.48600864E-02
   13.5610 0.38935975E-02 0.16129933E-02 0.42144810E-02
   13.6585 0.26705249E-02 -.25758960E-02 0.37103831E-02
   13.7561 -.13037369E-02 0.16559706E-02 0.21075979E-02
   13.8537 0.54129548E-02 0.28941574E-03 0.54206867E-02
   13.9512 0.37655265E-02 0.39215940E-02 0.54367352E-02
   14.0488 0.28256527E-02 -.37950857E-02 0.47314889E-02
   14.1463 0.12698390E-02 0.20417336E-02 0.24044057E-02
   14.2439 -.18248627E-02 0.39120107E-02 0.43167062E-02
   14.3415 0.18604953E-02 0.28419408E-02 0.33967735E-02
   14.4390 0.11384689E-04 -.36935371E-03 0.36952912E-03
   14.5366 0.34626552E-02 0.16644559E-02 0.38419259E-02
   14.6341 -.16494500E-02 0.90877234E-03 0.18832294E-02
   14.7317 0.93332096E-03 -.20330485E-02 0.22370459E-02
   14.8293 0.11272494E-02 -.26227781E-02 0.28547603E-02
   14.9268 -.24918187E-02 0.59897121E-03 0.25627967E-02
   15.0244 0.12482002E-02 0.21266725E-02 0.24659156E-02
   15.1220 -.32139148E-02 -.35553542E-02 0.47926810E-02
   15.2195 0.13545807E-02 0.27507169E-02 0.30661593E-02
   15.3171 -.21733537E-02 -.16517752E-02 0.27298036E-02
   15.4146 0.30248042E-02 0.16545915E-02 0.34477694E-02
   15.5122 0.35822668E-03 -.21353529E-02 0.21651925E-02
   15.6098 -.50841492E-04 -.28151789E-03 0.28607197E-03
   15.7073 -.50717220E-03 -.52820602E-02 0.53063533E-02
   15.8049 0.14520254E-04 0.31769113E-02 0.31769446E-02
   15.9024 -.60480929E-05 0.63092145E-03 0.63095044E-03
   16.0000 -.16096384E-02 -.28575218E-03 0.16348059E-02
   16.0976 -.45764679E-03 -.64908486E-03 0.79419883E-03
   16.1951 0.49901200E-02 0.62072545E-03 0.50285780E-02
   16.2927 -.31224724E-02 -.29717593E-02 0.43105902E-02
   16.3902 -.49671847E-02 -.47924003E-03 0.49902499E-02
   16.4878 -.16728744E-02 -.22016920E-03 0.16873006E-02
   16.5854 -.21014368E-03 0.37547858E-02 0.37606617E-02
   16.6829 -.31191870E-02 0.22602014E-03 0.31273651E-02
   16.7805 -.82185853E-03 0.27056839E-02 0.28277512E-02
   16.8780 0.24981890E-02 -.13189515E-02 0.28249922E-02
   16.9756 0.17005609E-02 0.19429243E-02 0.25820269E-02
   17.0732 -.19288007E-02 -.43673171E-02 0.47742780E-02
   17.1707 -.29955087E-02 0.27770167E-02 0.40847147E-02
   17.2683 0.80271316E-03 0.27969610E-02 0.29098692E-02
   17.3659 0.15692592E-02 0.30397391E-02 0.34209045E-02
   17.4634 0.89048693E-03 -.66208135E-03 0.11096480E-02
   17.5610 0.16067753E-02 0.18970571E-02 0.24860718E-02
   17.6585 -.66978486E-04 0.28163474E-02 0.28171437E-02
   17.7561 0.47690392E-03 0.40420960E-02 0.40701325E-02
   17.8537 -.24227037E-02 0.36362624E-02 0.43694275E-02
   17.9512 -.23833851E-02 -.96624240E-03 0.25717989E-02
   18.0488 0.21186809E-02 0.14206666E-02 0.25509023E-02
   18.1463 -.31120104E-02 -.15307809E-02 0.34681261E-02
   18.2439 0.50614390E-03 0.27880532E-03 0.57785294E-03
   18.3415 -.14875318E-02 -.58837380E-04 0.14886949E-02
   18.4390 -.34851907E-03 0.10930264E-02 0.11472455E-02
   18.5366 0.12167735E-02 -.13568571E-02 0.18225255E-02
   18.6341 -.10770827E-02 0.50658430E-03 0.11902667E-02
   18.7317 0.18919526E-02 -.35200531E-02 0.39962805E-02
   18.8293 -.46668844E-02 -.29478960E-02 0.55199550E-02
   18.9268 -.11782413E-02 0.50256234E-02 0.51618936E-02
   19.0244 -.52099134E-03 0.11823451E-02 0.12920417E-02
   19.1220 -.20015913E-02 -.10003084E-02 0.22376291E-02
   19.2195 -.13337500E-02 0.25520572E-02 0.28795633E-02
   19.3171 -.88229228E-03 -.29624689E-02 0.30910615E-02
   19.4146 0.30530049E-04 0.25801712E-02 0.25803519E-02
   19.5122 -.34870510E-03 0.38276915E-02 0.38435424E-02
   19.6098 -.17095749E-02 0.85220538E-03 0.19102095E-02
   19.7073 0.32766143E-03 -.52575963E-02 0.52677966E-02
   19.8049 0.20048167E-02 -.33130476E-03 0.20320071E-02
   19.9024 0.35216642E-03 0.58190635E-03 0.68017363E-03
   20.0000 0.27121326E-02 0.38090334E-03 0.27387498E-02
   20.0976 0.20353477E-03 -.45014769E-03 0.49402361E-03
   20.1951 0.14486478E-02 0.20411361E-02 0.25029618E-02
   20.2927 0.56324800E-03 0.32873431E-02 0.33352470E-02
   20.3902 0.41381028E-02 -.13679722E-02 0.43583531E-02
   20.4878 -.16609780E-02 0.16569685E-03 0.16692224E-02
   20.5854 -.14597223E-02 0.16464760E-02 0.22003800E-02
   20.6829 -.14819764E-02 -.17226507E-02 0.22723952E-02
   20.7805 -.21384310E-02 0.59403493E-02 0.63135279E-02
   20.8780 0.38350709E-02 0.76662388E-03 0.39109439E-02
   20.9756 -.10325665E-02 -.32435826E-02 0.34039714E-02
   21.0732 0.12940353E-02 -.34518393E-02 0.36864241E-02
   21.1707 0.28391829E-03 0.14695022E-03 0.31969353E-03
   21.2683 -.23480251E-02 0.12041704E-02 0.26387968E-02
   21.3659 -.13920552E-02 -.26280307E-02 0.29739474E-02
   21.4634 0.10066995E-02 0.11702601E-02 0.15436815E-02
   21.5610 -.52965293E-02 -.13863951E-02 0.54749716E-02
   21.6585 -.68332162E-03 -.34755361E-02 0.35420728E-02
   21.7561 0.15117727E-02 0.38886545E-02 0.41721808E-02
   21.8537 0.37543036E-02 -.13634182E-02 0.39942088E-02
   21.9512 -.20269516E-02 0.21558024E-02 0.29590568E-02
   22.0488 0.52781953E-02 0.93145698E-03 0.53597535E-02
   22.1463 0.28438915E-02 -.29923555E-02 0.41281851E-02
   22.2439 -.38791861E-03 0.20445196E-02 0.20809954E-02
   22.3415 -.25161186E-02 -.13198915E-02 0.28412966E-02
   22.4390 -.47853705E-03 0.43437508E-03 0.64628123E-03
   22.5366 0.19150233E-02 0.28614434E-02 0.34431343E-02
   22.6341 0.13378335E-03 0.61032420E-03 0.62481489E-03
   22.7317 0.38539039E-03 -.15610403E-02 0.16079093E-02
   22.8293 -.25002577E-02 -.16160839E-02 0.29770818E-02
   22.9268 -.27296180E-02 -.70864437E-02 0.75939777E-02
   23.0244 -.21530285E-02 0.24412035E-02 0.32549971E-02
   23.1220 -.86307535E-02 0.23860349E-02 0.89544998E-02
   23.2195 0.41405684E-02 0.35917284E-02 0.54813153E-02
   23.3171 0.14600282E-02 0.14250961E-02 0.20402404E-02
   23.4146 0.42516426E-02 -.10806008E-02 0.43868171E-02
   23.5122 0.75478869E-03 -.27206898E-03 0.80232631E-03
   23.6098 0.60601969E-03 -.44544828E-02 0.44955174E-02
   23.7073 0.24086779E-02 -.56605395E-05 0.24086847E-02
   23.8049 -.72622700E-02 -.16502300E-02 0.74474039E-02
   23.9024 0.13077424E-02 0.21200214E-03 0.13248152E-02
   24.0000 -.26198837E-02 0.91799017E-03 0.27760577E-02
   24.0976 -.27841318E-02 0.40475004E-02 0.49126013E-02
   24.1951 0.10501778E-02 -.54269275E-02 0.55276048E-02
   24.2927 0.12157492E-03 0.15741735E-03 0.19889868E-03
   24.3902 0.18617264E-02 0.15563674E-02 0.24265829E-02
   24.4878 0.40978338E-02 0.62357332E-03 0.41450071E-02
   24.5854 0.11562881E-02 0.32499691E-02 0.34495364E-02
   24.6829 0.25129761E-02 -.39868024E-02 0.47127106E-02
   24.7805 -.37723919E-02 -.19080350E-02 0.42274743E-02
   24.8780 -.30512887E-02 -.95305673E-03 0.31966669E-02
   24.9756 -.36507603E-02 -.21420528E-03 0.36570390E-02
   25.0732 0.32365625E-03 0.10706415E-01 0.10711307E-01
   25.1707 0.97351166E-03 0.55829680E-03 0.11222389E-02
   25.2683 0.20606713E-02 0.24282888E-02 0.31848003E-02
   25.3659 0.44273133E-02 -.18480330E-02 0.47975336E-02
   25.4634 -.46226292E-03 -.19289266E-02 0.19835434E-02
   25.5610 0.20428682E-02 0.18890806E-02 0.27824335E-02
   25.6585 -.61524566E-02 0.39459872E-02 0.73091406E-02
   25.7561 -.43660187E-03 0.16320328E-02 0.16894237E-02
   25.8537 -.20909528E-02 -.14174820E-03 0.20957519E-02
   25.9512 0.34503273E-02 0.10817820E-02 0.36159384E-02
   26.0488 0.47520429E-03 -.16281946E-02 0.16961240E-02
   26.1463 0.11005326E-02 -.11553657E-02 0.15956322E-02
   26.2439 -.72904606E-03 0.19549329E-02 0.20864494E-02
   26.3415 -.79260644E-04 -.18220717E-02 0.18237948E-02
   26.4390 -.34464803E-02 0.34713247E-02 0.48916582E-02
   26.5366 0.81848010E-03 0.86031511E-03 0.11874560E-02
   26.6341 -.49504116E-02 0.19300182E-02 0.53133364E-02
   26.7317 -.50802976E-02 -.12443020E-02 0.52304599E-02
   26.8293 0.12100760E-02 -.11863108E-02 0.16945847E-02
   26.9268 0.25796812E-03 0.96030108E-03 0.99434692E-03
   27.0244 0.64416922E-03 -.17534113E-02 0.18679949E-02
   27.1220 -.14735678E-02 -.14556681E-03 0.14807403E-02
   27.2195 -.39561349E-02 -.69695612E-03 0.40170574E-02
   27.3171 0.19912852E-02 -.25604370E-02 0.32436175E-02
   27.4146 0.13581691E-03 0.31200354E-02 0.31229900E-02
   27.5122 0.16877612E-02 0.38736025E-03 0.17316425E-02
   27.6098 0.40064519E-02 0.18368173E-04 0.40064938E-02
   27.7073 0.13342618E-02 -.17248616E-02 0.21806885E-02
   27.8049 -.33512709E-03 -.16602299E-02 0.16937158E-02
   27.9024 -.80629543E-03 0.84501144E-03 0.11679712E-02
   28.0000 -.18051610E-02 -.29212533E-03 0.18286452E-02
   28.0976 -.20059929E-02 0.42041955E-02 0.46582473E-02
   28.1951 0.18851608E-02 0.27423648E-02 0.33278214E-02
   28.2927 0.41797134E-03 0.15195883E-02 0.15760231E-02
   28.3902 0.16810467E-02 0.76537015E-03 0.18470814E-02
   28.4878 -.23331663E-02 -.13744232E-02 0.27078965E-02
   28.5854 0.15179076E-02 -.27740120E-02 0.31621491E-02
   28.6829 -.14135815E-02 -.72452135E-03 0.15884407E-02
   28.7805 -.10075631E-02 0.13667536E-02 0.16979985E-02
   28.8780 0.42125635E-03 -.43757394E-03 0.60739432E-03
   28.9756 0.36917494E-02 -.97705699E-04 0.36930421E-02
   29.0732 0.89537149E-03 0.45704536E-03 0.10052763E-02
   29.1707 -.21388892E-02 -.15336892E-02 0.26319288E-02
   29.2683 0.70130598E-03 0.13043663E-02 0.14809461E-02
   29.3659 0.28350803E-02 -.64303284E-02 0.70275743E-02
   29.4634 -.39048289E-03 0.44025033E-04 0.39295686E-03
   29.5610 -.12512701E-02 -.37561802E-02 0.39591119E-02
   29.6585 0.19060854E-03 0.49818694E-02 0.49855146E-02
   29.7561 0.10523617E-03 -.11949606E-03 0.15922927E-03
   29.8537 -.16044501E-02 0.20029438E-02 0.25663287E-02
   29.9512 0.59208192E-03 -.16792433E-02 0.17805671E-02
   30.0488 0.17525658E-02 -.18774466E-03 0.17625933E-02
   30.1463 0.26651935E-03 -.21970281E-02 0.22131347E-02
   30.2439 -.53947847E-02 -.29646838E-02 0.61557335E-02
   30.3415 -.94702217E-03 0.54301560E-03 0.10916579E-02
   30.4390 -.24877505E-02 0.52321670E-02 0.57934853E-02
   30.5366 0.72375062E-03 0.56188571E-03 0.91625896E-03
   30.6341 0.91588311E-03 0.31459269E-02 0.32765374E-02
   30.7317 0.10799405E-02 -.19698155E-02 0.22464292E-02
   30.8293 0.83360681E-03 -.26223026E-02 0.27516126E-02
   30.9268 0.82785392E-03 -.18302575E-02 0.20087769E-02
   31.0244 -.21733076E-02 -.13161394E-02 0.25407653E-02
   31.1220 -.19747387E-04 0.74276270E-03 0.74302516E-03
   31.2195 0.27163154E-02 -.15166630E-02 0.31110507E-02
   31.3171 -.68214710E-03 0.13991656E-02 0.15565953E-02
   31.4146 -.10830183E-02 0.22173307E-02 0.24676879E-02
   31.5122 -.16504081E-02 -.16860075E-02 0.23593365E-02
   31.6098 -.40887711E-02 0.12143959E-02 0.42653028E-02
   31.7073 -.24335743E-02 0.21004183E-02 0.32146603E-02
   31.8049 -.34513462E-02 -.45021551E-03 0.34805867E-02
   31.9024 0.16275980E-02 0.25327562E-02 0.30106360E-02
   32.0000 -.32305801E-02 -.98469318E-03 0.33773168E-02
   32.0976 -.62710617E-03 0.36297522E-02 0.36835258E-02
   32.1951 0.21339173E-03 -.12972589E-02 0.13146927E-02
   32.2927 -.46309660E-03 0.58206781E-02 0.58390712E-02
   32.3902 0.23624783E-02 -.39330097E-02 0.45880135E-02
   32.4878 -.38191018E-03 0.92574349E-03 0.10014272E-02
   32.5854 0.18838003E-02 0.18344803E-02 0.26294526E-02
   32.6829 -.52820118E-02 -.33588707E-02 0.62595257E-02
   32.7805 -.37290838E-02 0.15783884E-02 0.40493673E-02
   32.8780 -.18442295E-02 -.85919851E-03 0.20345526E-02
   32.9756 0.16213503E-02 0.41544135E-02 0.44595883E-02
   33.0732 0.32561771E-02 -.48440648E-03 0.32920113E-02
   33.1707 -.73000672E-03 -.46342416E-02 0.46913861E-02
   33.2683 0.14650942E-02 -.21509281E-02 0.26024973E-02
   33.3659 -.74319274E-03 -.43256250E-02 0.43890052E-02
   33.4634 0.58855338E-03 0.23437738E-02 0.24165411E-02
   33.5610 0.15596055E-02 0.44159743E-03 0.16209187E-02
   33.6585 -.11524631E-02 -.10022604E-02 0.15273170E-02
   33.7561 0.18660256E-02 0.14957208E-02 0.23914916E-02
   33.8537 0.21919340E-03 0.16055682E-02 0.16204613E-02
   33.9512 0.26457957E-02 0.13599761E-02 0.29748562E-02
   34.0488 -.16247983E-02 0.34011730E-02 0.37693430E-02
   34.1463 -.10622462E-02 -.60558057E-03 0.12227406E-02
   34.2439 0.15049390E-02 0.13198318E-02 0.20016986E-02
   34.3415 -.72192017E-03 -.10776822E-02 0.12971383E-02
   34.4390 -.24924695E-03 -.20725308E-02 0.20874646E-02
   34.5366 -.16879784E-02 -.11139163E-02 0.20223947E-02
   34.6341 -.16283272E-02 -.57445647E-03 0.17266875E-02
   34.7317 0.86043112E-03 0.11703456E-02 0.14526013E-02
   34.8293 0.42961771E-02 0.13765242E-02 0.45113144E-02
   34.9268 0.33325143E-03 -.22648631E-02 0.22892491E-02
   35.0244 -.27228319E-03 -.15397207E-02 0.15636105E-02
   35.1219 -.13278877E-03 0.77753066E-03 0.78878819E-03
   35.2195 0.90763863E-03 -.82421215E-03 0.12260234E-02
   35.3171 0.28564157E-02 0.13977753E-03 0.28598337E-02
   35.4146 0.27158391E-02 0.74381198E-04 0.27168575E-02
   35.5122 -.51347871E-03 -.41232305E-02 0.41550798E-02
   35.6098 -.24677961E-03 -.52905595E-03 0.58378110E-03
   35.7073 -.31045936E-02 -.42720148E-02 0.52809669E-02
   35.8049 -.19518244E-02 -.14465956E-02 0.24294562E-02
   35.9024 -.27743843E-02 0.36206769E-02 0.45614154E-02
   36.0000 -.34607202E-02 0.70998771E-03 0.35327987E-02
   36.0976 0.60438382E-03 0.40979008E-02 0.41422304E-02
   36.1951 0.36614230E-02 -.10400328E-02 0.38062695E-02
   36.2927 0.73526945E-03 0.97098143E-03 0.12179598E-02
   36.3902 0.77178521E-03 -.80791325E-03 0.11173076E-02
   36.4878 -.16908679E-02 0.33129228E-03 0.17230174E-02
   36.5854 -.69634692E-03 0.11616633E-02 0.13543857E-02
   36.6829 -.36072410E-02 -.13778638E-02 0.38614371E-02
   36.7805 0.45161238E-02 -.93404989E-03 0.46117050E-02
   36.8780 -.98270189E-03 0.22885762E-02 0.24906392E-02
   36.9756 -.16511818E-02 -.33994840E-03 0.16858133E-02
   37.0732 -.11167761E-02 -.36936381E-03 0.11762732E-02
   37.1707 -.24770449E-02 -.89342648E-03 0.26332419E-02
   37.2683 0.11354625E-02 0.21050761E-02 0.23917819E-02
   37.3659 0.50920118E-02 0.46523521E-03 0.51132208E-02
   37.4634 -.42282888E-02 -.37616775E-02 0.56593856E-02
   37.5610 -.47545208E-03 -.46084821E-02 0.46329433E-02
   37.6585 -.78887941E-03 -.85014856E-03 0.11597773E-02
   37.7561 0.35745769E-02 -.14797518E-02 0.38687550E-02
   37.8537 -.12461178E-02 -.11309811E-02 0.16828333E-02
   37.9512 -.14583244E-02 0.25060324E-02 0.28994668E-02
   38.0488 -.12257863E-02 -.40173614E-02 0.42002075E-02
   38.1463 -.10126161E-02 0.22845617E-02 0.24989224E-02
   38.2439 -.13076080E-02 -.91831927E-03 0.15978576E-02
   38.3415 0.14580656E-02 0.38603940E-02 0.41265721E-02
   38.4390 -.11268408E-02 0.54556555E-02 0.55708122E-02
   38.5366 0.19504268E-02 0.16300422E-02 0.25418894E-02
   38.6341 0.26253410E-03 -.10794305E-02 0.11108980E-02
   38.7317 -.26926081E-03 -.64762839E-03 0.70137286E-03
   38.8293 0.13485788E-02 -.25371399E-02 0.28732810E-02
   38.9268 -.27578594E-02 0.77641942E-03 0.28650681E-02
   39.0244 0.47764843E-03 -.22241480E-03 0.52689313E-03
   39.1219 0.29191893E-03 0.10378110E-02 0.10780855E-02
   39.2195 0.11732614E-02 0.37335740E-04 0.11738554E-02
   39.3171 -.21065101E-03 0.12948560E-02 0.13118787E-02
   39.4146 -.10218793E-02 -.14674253E-02 0.17881762E-02
   39.5122 -.22480469E-02 -.63229457E-03 0.23352755E-02
   39.6098 0.21681252E-02 0.17447623E-02 0.27829772E-02
   39.7073 -.14280406E-02 0.25845418E-03 0.14512403E-02
   39.8049 -.17571690E-02 0.14355099E-02 0.22689935E-02
   39.9024 0.15088874E-02 -.23815618E-02 0.28193223E-02
   40.0000 -.30537189E-02 -.15099822E-02 0.34066474E-02
   40.0976 -.44279485E-02 0.51283137E-05 0.44279513E-02
   40.1951 0.30863236E-02 0.30484761E-02 0.43380409E-02
   40.2927 0.28212296E-03 -.45463690E-03 0.53505896E-03
   40.3902 0.19581576E-02 0.11563704E-03 0.19615691E-02
   40.4878 -.52884770E-04 0.87227946E-03 0.87388116E-03
   40.5854 -.72420086E-03 -.22421225E-02 0.23561793E-02
   40.6829 0.14336578E-02 0.23091203E-02 0.27179793E-02
   40.7805 -.31440777E-02 0.37493247E-02 0.48931236E-02
   40.8780 0.33532787E-03 -.11977213E-02 0.12437770E-02
   40.9756 -.51920022E-04 0.31522964E-03 0.31947679E-03
   41.0732 0.39581987E-02 -.26555327E-02 0.47664652E-02
   41.1707 0.29375548E-02 -.10011893E-02 0.31034832E-02
   41.2683 -.24279354E-03 -.86618826E-03 0.89957257E-03
   41.3659 0.31285334E-04 -.23911707E-02 0.23913754E-02
   41.4634 -.15553465E-02 -.20185860E-02 0.25482920E-02
   41.5610 0.21023786E-03 0.60258154E-03 0.63820410E-03
   41.6585 0.43671117E-02 -.86205779E-03 0.44513829E-02
   41.7561 -.32114922E-02 0.10190889E-02 0.33693062E-02
   41.8537 0.11525202E-02 0.72125223E-03 0.13595984E-02
   41.9512 -.11719080E-02 -.15429893E-02 0.19375718E-02
   42.0488 -.75974094E-04 -.27932138E-02 0.27942469E-02
   42.1463 0.20755567E-02 0.23758388E-02 0.31547656E-02
   42.2439 0.79696719E-03 -.18747013E-03 0.81871956E-03
   42.3415 0.42408821E-04 0.44322209E-03 0.44524638E-03
   42.4390 0.43147165E-03 -.15144446E-02 0.15747095E-02
   42.5366 -.17033665E-02 0.12349834E-02 0.21039585E-02
   42.6341 0.57288457E-03 0.11910703E-02 0.13216827E-02
   42.7317 -.15186111E-02 0.11435517E-02 0.19010234E-02
   42.8293 -.67412482E-04 -.77057449E-03 0.77351759E-03
   42.9268 -.20976881E-02 0.24360404E-03 0.21117856E-02
   43.0244 -.14517199E-02 0.22773664E-03 0.14694743E-02
   43.1219 -.77020406E-04 -.83075080E-03 0.83431351E-03
   43.2195 -.12954277E-02 -.97279466E-03 0.16200192E-02
   43.3171 0.53758663E-03 -.23399610E-02 0.24009200E-02
   43.4146 0.12247486E-02 -.41449213E-03 0.12929860E-02
   43.5122 0.15205364E-02 -.32343215E-03 0.15545543E-02
   43.6098 0.24826374E-03 -.38007212E-04 0.25115619E-03
   43.7073 0.14067345E-02 0.55085344E-03 0.15107420E-02
   43.8049 -.24255186E-03 -.16348459E-02 0.16527409E-02
   43.9024 0.22855792E-03 -.18153558E-03 0.29187993E-03
   44.0000 0.10957346E-03 -.10951899E-02 0.11006577E-02
   44.0976 -.18354313E-03 -.19122152E-03 0.26505423E-03
   44.1951 0.26783056E-03 0.71224250E-03 0.76093536E-03
   44.2927 -.32149133E-03 0.35339326E-03 0.47774834E-03
   44.3902 -.63124532E-03 0.48009853E-03 0.79307327E-03
   44.4878 -.40352406E-03 0.83553803E-03 0.92787686E-03
   44.5854 -.76647114E-03 -.13492558E-02 0.15517633E-02
   44.6829 0.35137733E-03 -.13995604E-03 0.37822442E-03
   44.7805 0.30533288E-03 -.83786290E-03 0.89176366E-03
   44.8780 -.16785749E-03 0.55644376E-03 0.58121065E-03
   44.9756 -.56584086E-03 -.61253936E-03 0.83389471E-03
   45.0732 -.94984932E-03 0.43252853E-03 0.10436928E-02
   45.1707 -.11224613E-03 0.16843625E-03 0.20241039E-03
   45.2683 0.56378503E-04 0.35033012E-04 0.66376560E-04
   45.3659 -.11062752E-03 0.55042218E-03 0.56142942E-03
   45.4634 0.28012550E-03 0.22413697E-03 0.35875852E-03
   45.5610 0.48942061E-03 -.32206785E-03 0.58588415E-03
   45.6585 0.61096670E-03 0.25733974E-03 0.66295103E-03
   45.7561 0.32027083E-03 0.40994375E-03 0.52021851E-03
   45.8537 -.43726272E-04 0.14264209E-03 0.14919367E-03
   45.9512 -.13337807E-03 0.74318436E-04 0.15268575E-03
   46.0488 -.62341127E-03 0.80392492E-04 0.62857341E-03
   46.1463 0.29062649E-03 0.53828664E-03 0.61173219E-03
   46.2439 -.27605423E-03 0.30367915E-03 0.41039853E-03
   46.3415 -.23806718E-03 -.11268792E-04 0.23833373E-03
   46.4390 0.31232989E-06 0.20507592E-03 0.20507615E-03
   46.5366 0.71951763E-04 0.16797781E-03 0.18273915E-03
   46.6341 0.48932747E-04 0.37234274E-03 0.37554430E-03
   46.7317 0.16219974E-03 0.35836099E-03 0.39335908E-03
   46.8293 -.39333820E-04 0.37909919E-03 0.38113428E-03
   46.9268 0.93609000E-04 0.32768660E-03 0.34079488E-03
   47.0244 0.19235664E-04 0.15387872E-03 0.15507634E-03
   47.1219 0.19743080E-03 0.26226108E-03 0.32826787E-03
   47.2195 0.14440711E-03 0.12371724E-03 0.19015616E-03
   47.3171 0.48872284E-04 0.10384910E-03 0.11477428E-03
   47.4146 0.19886438E-03 0.15340556E-03 0.25115794E-03
   47.5122 0.10873558E-03 0.12767591E-03 0.16770379E-03
   47.6098 0.21008313E-03 0.14001472E-03 0.25246592E-03
   47.7073 0.17576198E-03 0.12690520E-03 0.21678838E-03
   47.8049 0.21638982E-03 0.13903006E-03 0.25720402E-03
   47.9024 0.22675064E-03 0.14042924E-03 0.26671376E-03
   48.0000 0.21631730E-03 0.86936801E-04 0.23313340E-03
   48.0976 0.21834376E-03 0.62239844E-04 0.22704140E-03
   48.1951 0.22387969E-03 0.17843926E-04 0.22458968E-03
   48.2927 0.21569597E-03 0.59942058E-05 0.21577925E-03
   48.3902 0.22189968E-03 -.32246066E-06 0.22189991E-03
   48.4878 0.22696474E-03 -.26904518E-04 0.22855381E-03
   48.5854 0.21778015E-03 -.38522543E-04 0.22116098E-03
   48.6829 0.20411331E-03 -.67933368E-04 0.21512133E-03
   48.7805 0.19792296E-03 -.87178232E-04 0.21627192E-03
   48.8780 0.19191197E-03 -.10764002E-03 0.22003768E-03
   48.9756 0.17248260E-03 -.12092539E-03 0.21064946E-03
   49.0732 0.16445166E-03 -.13583316E-03 0.21329556E-03
   49.1707 0.14844230E-03 -.15184321E-03 0.21234754E-03
   49.2683 0.13665050E-03 -.16323099E-03 0.21287957E-03
   49.3659 0.11790066E-03 -.17416598E-03 0.21031965E-03
   49.4634 0.98830533E-04 -.18669206E-03 0.21123778E-03
   49.5610 0.81118269E-04 -.19497423E-03 0.21117557E-03
   49.6585 0.60332259E-04 -.20062352E-03 0.20949887E-03
   49.7561 0.40806441E-04 -.20489706E-03 0.20892097E-03
