   202.019989       7.29819313E-02
   202.029999      0.101007521    
   202.039993     -0.117422387    
   202.050003     -0.133558363    
   202.059998      -3.94314848E-04
   202.069992      -9.22665186E-03
   202.080002       5.85443377E-02
   202.089996       4.71642017E-02
   202.099991      -7.34136149E-04
   202.110001     -0.109949104    
   202.119995     -0.106382228    
   202.129990      -5.21994345E-02
   202.139999      -3.91208455E-02
   202.149994      -2.21356489E-02
   202.159988     -0.130501360    
   202.169998     -0.107231654    
   202.179993      -2.40041167E-02
   202.190002      -6.57877699E-02
   202.199997     -0.100607514    
   202.209991       2.84649403E-04
   202.220001      -6.84916647E-03
   202.229996     -0.116233982    
   202.239990      -7.27518722E-02
   202.250000       1.33631481E-02
   202.259995     -0.110119402    
   202.269989     -0.164981693    
   202.279999     -0.101966560    
   202.289993      -8.36225525E-02
   202.300003       7.16223046E-02
   202.309998      -3.79323959E-02
   202.319992      -9.09262896E-02
   202.330002       3.06878369E-02
   202.339996      -2.65523940E-02
   202.349991      -1.24444114E-03
   202.360001      -7.69884791E-03
   202.369995       6.09214082E-02
   202.379990      -7.46206716E-02
   202.389999     -0.274197012    
   202.399994      -3.91216166E-02
   202.409988       3.39147933E-02
   202.419998       1.89677551E-02
   202.429993       7.07808184E-03
   202.440002      -8.09053630E-02
   202.449997      -5.44084720E-02
   202.459991      -1.27947154E-02
   202.470001     -0.101457559    
   202.479996     -0.118103102    
   202.489990       8.04540291E-02
   202.500000      -3.52153145E-02
   202.509995       9.30230469E-02
   202.519989      0.123936102    
   202.529999     -0.184345633    
   202.539993     -0.109270968    
   202.550003      -3.11339833E-03
   202.559998       9.06449556E-02
   202.569992      -1.17759304E-02
   202.580002      0.106271312    
   202.589996      0.154679134    
   202.599991      -3.38568054E-02
   202.610001      -6.79971129E-02
   202.619995     -0.132880658    
   202.629990       1.79480147E-02
   202.639999      0.112895355    
   202.649994      0.207333118    
   202.659988      0.174551636    
   202.669998       1.82876009E-02
   202.679993      -9.78913009E-02
   202.690002       5.44660687E-02
   202.699997      0.252173960    
   202.709991      -2.60433322E-03
   202.720001      0.104742214    
   202.729996      0.196632206    
   202.739990       9.03047100E-02
   202.750000      0.162322015    
   202.759995       4.13872413E-02
   202.769989      -1.61926951E-02
   202.779999      0.104572177    
   202.789993       9.91368741E-02
   202.800003      0.111026511    
   202.809998      0.295825630    
   202.819992      0.202067211    
   202.830002       1.62489060E-02
   202.839996       3.91789041E-02
   202.849991      0.105421223    
   202.860001      0.143807784    
   202.869995      0.172512800    
   202.879990      0.267120391    
   202.889999      0.104062289    
   202.899994      0.151960596    
   202.909988      0.299901783    
   202.919998       8.18115622E-02
   202.929993      0.144656837    
   202.940002       9.52298418E-02
   202.949997      0.143467799    
   202.959991      0.227374747    
   202.970001       9.59091559E-02
   202.979996      0.146185383    
   202.989990      0.128520697    
   203.000000      0.249455422    
   203.009995      0.178287342    
   203.019989      0.113743469    
   203.029999      0.252852350    
   203.039993      0.231620818    
   203.050003      0.188818052    
   203.059998      0.118499212    
   203.069992      0.148563012    
   203.080002      0.143127725    
   203.089996       9.70977470E-02
   203.099991      0.183552474    
   203.110001      0.190856099    
   203.119995      0.231620595    
   203.129990      0.216673568    
   203.139999      0.195611864    
   203.149994      0.275442362    
   203.159988      0.181004524    
   203.169998      -9.07187583E-04
   203.179993      -7.39436448E-02
   203.190002      0.174210355    
   203.199997      0.258117288    
   203.209991      0.130728126    
   203.220001      0.215993881    
   203.229996      0.328605801    
   203.239990      0.218371734    
   203.250000      0.135653704    
   203.259995      0.209709227    
   203.269989      0.194762170    
   203.279999      0.236715645    
   203.289993      0.281556606    
   203.300003      0.356631279    
   203.309998      0.349667221    
   203.319992      0.318754137    
   203.330002      0.262702912    
   203.339996      0.209199399    
   203.349991      0.216672882    
   203.360001      0.223636791    
   203.369995      0.331832588    
   203.379990      0.250813067    
   203.389999      0.359008878    
   203.399994      0.321811259    
   203.409988      0.157903880    
   203.419998      0.300239950    
   203.429993      0.218201324    
   203.440002      0.141088411    
   203.449997      0.188307270    
   203.459991      0.263381898    
   203.470001      0.297692001    
   203.479996      0.273403138    
   203.489990      0.269326627    
   203.500000      0.282744944    
   203.509995      0.175058633    
   203.519989      0.195440859    
   203.529999      0.317564547    
   203.539993      0.229071528    
   203.550003      0.276799977    
   203.559998      0.254888982    
   203.569992      0.335908443    
   203.580002      0.262532294    
   203.589996      0.121554948    
   203.599991      0.363254517    
   203.610001      0.342362702    
   203.619995      0.242149919    
   203.629990      0.129537880    
   203.639999      0.182192042    
   203.649994      0.288519472    
   203.659988      0.220578581    
   203.669998      0.182361782    
   203.679993      0.160450846    
   203.690002      0.225164488    
   203.699997      0.242998928    
   203.709991      0.262362063    
   203.720001      0.133274376    
   203.729996      0.100662738    
   203.739990      0.132255182    
   203.750000       6.99194074E-02
   203.759995      0.227542207    
   203.769989      0.235695079    
   203.779999      0.167924047    
   203.789993      0.114590429    
   203.800003      0.116458781    
   203.809998      0.233996436    
   203.819992      0.100152902    
   203.830002      0.103210211    
   203.839996       9.43778530E-02
   203.849991       3.20420824E-02
   203.860001      0.212764770    
   203.869995       7.87513778E-02
   203.879990       5.02161719E-02
   203.889999      0.184229523    
   203.899994       9.55666527E-02
   203.909988      0.139048785    
   203.919998       9.45474803E-02
   203.929993      0.139558285    
   203.940002      0.144993514    
   203.949997      -2.40094401E-02
   203.959991       5.22541627E-02
   203.970001      0.169621989    
   203.979996      0.183719710    
   203.989990       5.08952513E-02
   204.000000       9.96427909E-02
   204.009995      0.149579316    
   204.019989      0.150428519    
   204.029999       3.01731713E-02
   204.039993      -2.60479189E-02
   204.050003      0.308730692    
   204.059998       5.19141592E-02
   204.069992       4.08737399E-02
   204.080002      0.287329227    
   204.089996      -1.58937322E-03
   204.099991      0.131744549    
   204.110001       5.68397269E-02
   204.119995      -2.12922953E-02
   204.129990      0.287668765    
   204.139999       7.38248527E-02
   204.149994       7.56931975E-02
   204.159988      0.195948526    
   204.169998      0.190683052    
   204.179993      0.169281662    
   204.190002       1.12798216E-03
   204.199997       8.01091939E-02
   204.209991      0.107285507    
   204.220001      0.177944005    
   204.229996      0.116287634    
   204.239990       5.19136190E-02
   204.250000       1.01299603E-02
   204.259995      -1.92544907E-02
   204.269989      0.140916049    
   204.279999      0.150767460    
   204.289993      0.107794836    
   204.300003      -6.66433647E-02
   204.309998       8.62235427E-02
   204.319992      0.140066653    
   204.330002     -0.106728554    
   204.339996       2.11700723E-02
   204.349991       5.12338839E-02
   204.360001      -7.51361549E-02
   204.369995      -4.57517579E-02
   204.379990      -1.85754541E-02
   204.389999      -4.88091633E-02
   204.399994      -5.15717827E-03
   204.409988       6.46520332E-02
   204.419998       5.95564283E-02
   204.429993       5.54799512E-02
   204.440002       1.14882179E-02
   204.449997     -0.118958294    
   204.459991     -0.104520880    
   204.470001      -1.61977801E-02
   204.479996       9.42061022E-02
   204.489990      0.175565258    
   204.500000      0.114418447    
   204.509995       1.84519459E-02
   204.519989      -1.56883895E-02
   204.529999       9.55647528E-02
   204.539993       5.80274127E-02
   204.550003      -5.90007603E-02
   204.559998       3.49274427E-02
   204.569992       6.99169561E-02
   204.580002       7.05963448E-02
   204.589996      0.153484181    
   204.599991       9.18278024E-02
   204.610001       8.11270848E-02
   204.619995       3.47574279E-02
   204.629990      -6.17186464E-02
   204.639999       2.65529798E-03
   204.649994      -6.66444153E-02
   204.659988      0.107623890    
   204.669998      0.277645856    
   204.679993      0.113228947    
   204.690002       9.06385854E-02
   204.699997       3.15299816E-02
   204.709991      0.123419985    
   204.720001      0.225840807    
   204.729996      0.101509005    
   204.739990      0.145160973    
   204.750000      0.145330802    
   204.759995      0.185246021    
   204.769989      0.222953156    
   204.779999      0.122060955    
   204.789993      0.209195092    
   204.799988      0.286307961    
   204.809998      0.180659845    
   204.819992       4.78354394E-02
   204.830002      0.221254468    
   204.839996      0.366308153    
   204.849991      0.206477270    
   204.860001      0.183207497    
   204.869995      0.157559812    
   204.879990      0.181508869    
   204.889999      0.303632557    
   204.899994      0.251318067    
   204.909988      0.179130882    
   204.919998       8.77503753E-02
   204.929993      0.146519199    
   204.940002      0.270171553    
   204.949997      0.203079894    
   204.959991      0.223801836    
   204.970001      0.250808299    
   204.979996      0.230595887    
   204.989990      0.153652817    
   205.000000      0.103546396    
   205.009995      0.190001115    
   205.019989      0.276116133    
   205.029999      0.312124759    
   205.039993      0.352209866    
   205.049988      0.299725503    
   205.059998       1.48833711E-02
   205.069992      -3.33546661E-02
   205.080002      0.211911827    
   205.089996      0.280701905    
   205.099991      0.233822703    
   205.110001      0.253185838    
   205.119995      0.173355296    
   205.129990      0.187792659    
   205.139999      0.311105311    
   205.149994       8.36732388E-02
   205.159988      -1.60300061E-02
   205.169998      0.182357281    
   205.179993      0.244862869    
   205.190002      0.127325147    
   205.199997      -6.51842309E-03
   205.209991      0.156030104    
   205.220001      0.237049535    
   205.229996      0.147537410    
   205.239990      0.192378357    
   205.250000      0.157728493    
   205.259995      0.115774974    
   205.269989      0.185923874    
   205.279999      0.126815289    
   205.289993       9.55624729E-02
   205.299988      0.222272173    
   205.309998      0.131910771    
   205.319992      0.120190948    
   205.330002      0.214628726    
   205.339996      0.161634818    
   205.349991      0.158067897    
   205.360001      0.181507468    
   205.369995      0.200191185    
   205.379990      0.169787601    
   205.389999      0.169787571    
   205.399994      0.233651951    
   205.409988      0.128513440    
   205.419998       3.73027846E-02
   205.429993      0.187961638    
   205.440002      0.254373789    
   205.449997      0.198322535    
   205.459991      0.162653580    
   205.470001      0.134627938    
   205.479996       8.14641863E-02
   205.489990      0.104733884    
   205.500000       7.07634240E-02
   205.509995       7.33111873E-02
   205.519989      0.185753271    
   205.529999       3.13576311E-02
   205.539993       6.58375919E-02
   205.549988      0.187112033    
   205.559998       7.05933794E-02
   205.569992       3.25464793E-02
   205.580002      -7.00442567E-02
   205.589996      -4.15091366E-02
   205.599991      0.223120525    
   205.610001      0.167409003    
   205.619995       7.41601139E-02
   205.629990      0.137005374    
   205.639999       6.17608428E-02
   205.649994       6.37990460E-02
   205.659988       5.37777431E-02
   205.669998       3.96799669E-02
   205.679993       4.80027013E-02
   205.690002       7.82363564E-02
   205.699997      0.102525182    
   205.709991       8.63891914E-02
   205.720001      0.104563355    
   205.729996      0.103374369    
   205.739990      0.177260026    
   205.750000      0.122907296    
   205.759995      0.156538010    
   205.769989      0.234839797    
   205.779999       5.36075234E-02
   205.789993       2.55818889E-02
   205.799988      0.103713863    
   205.809998      0.105412334    
   205.819992       5.44566624E-02
   205.830002      0.151951805    
   205.839996      0.338449389    
   205.849991      0.130890042    
   205.860001       2.76199058E-02
   205.869995      0.172503799    
   205.879990      0.175561070    
   205.889999      0.295306832    
   205.899994       6.48174062E-02
   205.909988      -6.93658218E-02
   205.919998      0.448343545    
   205.929993      0.223968804    
   205.940002      -5.74762635E-02
   205.949997      0.193904892    
   205.959991       9.60700288E-02
   205.970001      0.257769257    
   205.979996      0.125284553    
   205.989990       6.80443197E-02
   206.000000      0.361209124    
   206.009995      0.236367762    
   206.019989      0.250805169    
   206.029999      0.100316115    
   206.039993       3.98487225E-02
   206.049988      0.146855563    
   206.059998      0.236877173    
   206.069992      0.199000120    
   206.080002       3.54324505E-02
   206.089996      0.207322791    
   206.099991      0.253013015    
   206.110001      0.216155067    
   206.119995       9.06342864E-02
   206.129990      0.115092956    
   206.139999      0.197980776    
   206.149994      -2.27494375E-03
   206.159988      0.167916924    
   206.169998      0.128681019    
   206.179993       5.68335168E-02
   206.190002      0.238915026    
   206.199997       5.08886240E-02
   206.209991      0.144137442    
   206.220001      0.212757692    
   206.229996       5.46253026E-02
   206.239990       1.89562980E-02
   206.250000       7.39883706E-02
   206.259995      0.190167248    
   206.269989       3.13554145E-02
   206.279999       7.16103464E-02
   206.289993       7.16103241E-02
   206.299988     -0.135269627    
   206.309998       2.09943149E-02
   206.319992      -1.21268826E-02
   206.330002      -4.25304435E-02
   206.339996      -1.68828126E-02
   206.349991      -8.02376941E-02
   206.360001      0.105920263    
   206.369995      -9.70530957E-02
   206.379990     -0.216459215    
   206.389999       9.51526046E-04
   206.399994     -0.102828167    
   206.409988     -0.271831095    
   206.419998     -0.310387582    
   206.429993     -0.144272193    
   206.440002       2.69387681E-02
   206.449997      -5.61189912E-02
   206.459991     -0.206098482    
   206.470001     -0.282531977    
   206.479996     -0.261810035    
   206.489990     -0.234463871    
   206.500000     -0.300366551    
   206.509995     -0.259602040    
   206.519989     -0.136119589    
   206.529999      -9.02595297E-02
   206.539993     -0.170599639    
   206.549988     -0.264697760    
   206.559998     -0.257733852    
   206.569992     -0.332129121    
   206.580002     -0.371534854    
   206.589996     -0.239729628    
   206.599991      -9.26376656E-02
   206.610001      -6.01959303E-02
   206.619995      -6.93679750E-02
   206.629990     -0.257564217    
   206.639999     -0.405505508    
   206.649994     -0.217479140    
   206.659988      -6.83489740E-02
   206.669998     -0.150387630    
   206.679993     -0.261640817    
   206.690002     -0.213912368    
   206.699997     -0.205589652    
   206.709991     -0.215610966    
   206.720001     -0.278965861    
   206.729996     -0.180111915    
   206.739990       2.04834528E-02
   206.750000      -2.92832572E-02
   206.759995     -0.149198920    
   206.769989     -0.269793987    
   206.779999     -0.214761913    
   206.789993     -0.231577307    
   206.799988     -0.205759794    
   206.809998      -6.32538795E-02
   206.819992      -8.95809829E-02
   206.830002      -4.16826978E-02
   206.839996     -0.136120543    
   206.849991     -0.264019251    
   206.860001     -0.147160992    
   206.869995     -0.117606737    
   206.879990     -0.192511588    
   206.889999     -0.173658028    
   206.899994      -9.18386213E-04
   206.909988     -0.102659859    
   206.919998     -0.319221407    
   206.929993     -0.215611607    
   206.940002     -0.110473149    
   206.949997      -5.05153835E-02
   206.959991     -0.138498828    
   206.970001     -0.124570973    
   206.979996     -0.175866351    
   206.989990     -0.375102997    
   207.000000     -0.155654013    
   207.009995      -7.88808614E-02
   207.019989     -0.219008923    
   207.029999     -0.193531141    
   207.039993      -6.35942593E-02
   207.049988     -0.153785780    
   207.059998     -0.225463435    
   207.069992      -5.06855845E-02
   207.080002     -0.165845379    
   207.089996     -0.173828483    
   207.099991     -0.276589066    
   207.110001     -0.248903200    
   207.119995       2.74462737E-02
   207.129990     -0.104359053    
   207.139999      -7.90511072E-02
   207.149994     -0.130346492    
   207.159988     -0.198457241    
   207.169998      -7.99004585E-02
   207.179993      -9.73952487E-02
   207.190002     -0.165336147    
   207.199997      -8.82233009E-02
   207.209991      -3.16625647E-02
   207.220001     -0.265888721    
   207.229996     -0.302746683    
   207.239990     -0.163977489    
   207.250000      -6.86426321E-03
   207.259995       1.19893039E-02
   207.269989       1.72546748E-02
   207.279999      0.116108619    
   207.289993     -0.289498419    
   207.299988     -0.358118653    
   207.309998      0.114579856    
   207.319992      -3.96459438E-02
   207.330002      -6.76715672E-02
   207.339996      -3.97705706E-03
   207.349991     -0.117438324    
   207.360001       8.92717466E-02
   207.369995      -9.96038839E-02
   207.379990     -0.117778122    
   207.389999      -8.77143070E-02
   207.399994     -0.121854626    
   207.409988      -6.18532253E-03
   207.419998     -0.243978411    
   207.429993      -4.27036099E-02
   207.440002      0.235344365    
   207.449997       5.53433783E-03
   207.459991     -0.121005550    
   207.470001      -9.58674476E-02
   207.479996     -0.182831809    
   207.489990      -9.68866274E-02
   207.500000      -1.94340739E-02
   207.509995      -3.42112333E-02
   207.519989       4.85471915E-03
   207.529999      -7.88824260E-02
   207.539993      -2.58885715E-02
   207.549988      -8.14302564E-02
   207.559998     -0.128988907    
   207.569992      -9.02626291E-02
   207.580002     -0.125252202    
   207.589996       3.55977528E-02
   207.599991       5.53005822E-02
   207.610001      -2.80968603E-02
   207.619995     -0.116250142    
   207.629990     -0.161770582    
   207.639999     -0.108437017    
   207.649994      -7.39570633E-02
   207.659988      -5.28954118E-02
   207.669998      -8.12607780E-02
   207.679993      -1.94346085E-02
   207.690002     -0.122704744    
   207.699997     -0.192683905    
   207.709991       3.76356281E-02
   207.720001       4.68076244E-02
   207.729996     -0.179265648    
   207.739990      -7.61654153E-02
   207.750000       6.88883066E-02
   207.759995     -0.211197942    
   207.769989     -0.140709341    
   207.779999       9.41961855E-02
   207.789993     -0.103851467    
   207.799988      -8.95839036E-02
   207.809998       4.00459534E-03
   207.819992      -4.20253649E-02
   207.830002       9.06291530E-02
   207.839996      0.179461792    
   207.849991       5.53314760E-03
   207.860001       7.06179393E-03
   207.869995      0.112200268    
   207.879990      -3.03057525E-02
   207.889999       2.77836639E-02
   207.899994      0.144981623    
   207.909988      0.233984157    
   207.919998      0.219206959    
   207.929993      0.123070620    
   207.940002      0.101329505    
   207.949997       3.57665308E-02
   207.959991      0.168930620    
   207.970001       4.17113081E-02
   207.979996      0.118314609    
   207.989990      0.589144826    
   208.000000      0.301415175    
   208.009995     -0.183342934    
   208.019989      0.140395254    
   208.029999      0.388549268    
   208.039993      0.144641504    
   208.049988      0.221244812    
   208.059998       9.11380127E-02
   208.069992      0.166382506    
   208.080002      0.473645061    
   208.089996      0.211223409    
   208.099991      0.155851573    
   208.110001      0.219376266    
   208.119995      0.274748027    
   208.129990      0.149227232    
   208.139999      0.118823677    
   208.149994      0.265575945    
   208.159988      0.109311908    
   208.169998      0.135469079    
   208.179993      0.253856003    
   208.190002      0.204768717    
   208.199997      0.154152736    
   208.209991      0.149906397    
   208.220001      0.126806468    
   208.229996      0.165872455    
   208.239990      0.231265485    
   208.250000      0.202050894    
   208.259995      0.193897963    
   208.269989      0.286976904    
   208.279999      0.134789333    
   208.289993      0.132581234    
   208.299988      0.257252723    
   208.309998      0.254874736    
   208.319992      0.350671321    
   208.330002      0.203069776    
   208.339996      0.166551530    
   208.349991      0.216997594    
   208.360001      0.335894078    
   208.369995      0.319418401    
   208.379990      0.180818975    
   208.389999      0.299036056    
   208.399994      0.305150717    
   208.409988      0.433389038    
   208.419998      0.284768403    
   208.429993       8.43428001E-02
   208.440002      0.287485957    
   208.449997      0.235850871    
   208.459991      0.211222291    
   208.470001      0.308717400    
   208.479996      0.293940246    
   208.489990      0.241625726    
   208.500000      0.226169154    
   208.509995      0.193387657    
   208.519989      0.231944069    
   208.529999      0.301583439    
   208.539993      0.165361986    
   208.549988      0.194236815    
   208.559998      0.236699805    
   208.569992      0.198992595    
   208.580002       9.97989103E-02
   208.589996      -4.49036900E-03
   208.599991      0.173684537    
   208.610001      0.165531620    
   208.619995      0.168588936    
   208.629990      0.199841678    
   208.639999       7.92466030E-02
   208.649994       8.00958425E-02
   208.659988       5.86944520E-02
   208.669998      0.227187768    
   208.679993       9.01170373E-02
   208.690002     -0.127803311    
   208.699997      0.129522666    
   208.709991      0.101666890    
   208.720001      0.219034716    
   208.729996      0.162643790    
   208.739990     -0.101136692    
   208.750000      0.105743229    
   208.759995      -1.06055383E-02
   208.769989       9.01167542E-02
   208.779999      0.191178769    
   208.789993       3.28765251E-02
   208.799988      0.181497157    
   208.809998       2.18360648E-02
   208.819992       2.79507171E-02
   208.830002       3.10080331E-02
   208.839996      -5.51070645E-02
   208.849991      0.161624297    
   208.860001      0.157038257    
   208.869995       8.36620852E-02
   208.879990       1.43623566E-02
   208.889999       7.63583705E-02
   208.899994       8.90972689E-02
   208.909988       5.15599102E-02
   208.919998       6.65068477E-02
   208.929993      -2.23258510E-02
   208.940002      0.112536758    
   208.949997      0.122218274    
   208.959991      -3.50648575E-02
   208.970001      -4.59354222E-02
   208.979996      0.109988838    
   208.989990      0.202728108    
   209.000000       5.92029840E-02
   209.009995      -1.43430326E-02
   209.019989       1.09648947E-02
   209.029999       3.67824025E-02
   209.039993      0.103364430    
   209.049988       5.02006784E-02
   209.059998      -8.12649503E-02
   209.069992       4.85007744E-03
   209.080002      -2.48740744E-02
   209.089996       5.01985941E-03
   209.099991      0.152281672    
   209.110001      -5.73159307E-02
   209.119995     -0.110819399    
   209.129990      -1.00971023E-02
   209.139999      -4.57660779E-02
   209.149994       3.64423469E-02
   209.159988      -2.58934237E-02
   209.169998      -7.46410415E-02
   209.179993       1.13041317E-02
   209.190002      -8.26241374E-02
   209.199997      -6.00338466E-02
   209.209991     -0.119821839    
   209.220001     -0.172136337    
   209.229996     -0.106913120    
   209.239990      -9.89301056E-02
   209.250000      -9.67220590E-02
   209.259995     -0.230565593    
   209.269989     -0.218506128    
   209.279999     -0.132900670    
   209.289993      -7.37921298E-02
   209.299988      -3.04798521E-02
   209.309998      -7.70193934E-02
   209.319992     -0.128314778    
   209.330002     -0.257232577    
   209.339996     -0.324494094    
   209.349991     -0.239737883    
   209.360001     -0.206277028    
   209.369995     -0.211882159    
   209.379990     -0.294260532    
   209.389999     -0.166871414    
   209.399994      -8.48328471E-02
   209.409988     -0.264026910    
   209.419998     -0.161606103    
   209.429993     -0.265046090    
   209.440002     -0.313284129    
   209.449997     -0.191670030    
   209.459991     -0.157869458    
   209.470001     -0.129674032    
   209.479996     -0.388528794    
   209.489990     -0.332647443    
   209.500000     -0.272689641    
   209.509995     -0.453072697    
   209.519989     -0.264706671    
   209.529999     -0.111500040    
   209.539993     -0.191330597    
   209.549988     -0.231925264    
   209.559998     -0.317700654    
   209.569992     -0.425047308    
   209.580002     -0.351501256    
   209.589996     -0.259951025    
   209.599991     -0.293411911    
   209.610001     -0.414006978    
   209.619995     -0.420631230    
   209.629990     -0.293581873    
   209.639999     -0.387000591    
   209.649994     -0.330439836    
   209.659988     -0.197785318    
   209.669998     -0.337913394    
   209.679993     -0.363730907    
   209.690002     -0.414686650    
   209.699997     -0.427765310    
   209.709991     -0.354389161    
   209.720001     -0.346576005    
   209.729996     -0.382245004    
   209.739990     -0.501311362    
   209.750000     -0.542415619    
   209.759995     -0.441693336    
   209.769989     -0.341820329    
   209.779999     -0.440504432    
   209.789993     -0.383773893    
   209.799988     -0.290525019    
   209.809998     -0.405345142    
   209.819992     -0.459188342    
   209.830002     -0.559061408    
   209.839996     -0.490441203    
   209.849991     -0.528827786    
   209.860001     -0.603562772    
   209.869995     -0.390058637    
   209.879990     -0.481608987    
   209.889999     -0.370865375    
   209.899994     -0.209675729    
   209.909988     -0.517787576    
   209.919998     -0.523392677    
   209.929993     -0.402458042    
   209.940002     -0.419103593    
   209.949997     -0.373753071    
   209.959991     -0.422840387    
   209.970001     -0.566025794    
   209.979996     -0.535961986    
   209.989990     -0.443392575    
   210.000000     -0.412819237    
   210.009995     -0.363562107    
   210.019989     -0.427256703    
   210.029999     -0.523732781    
   210.039993     -0.492989540    
   210.049988     -0.467341900    
   210.059998     -0.571461380    
   210.069992     -0.578085601    
   210.080002     -0.596939206    
   210.089996     -0.544115245    
   210.099991     -0.313116282    
   210.110001     -0.401439428    
   210.119995     -0.588446677    
   210.129990     -0.529508054    
   210.139999     -0.464284807    
   210.149994     -0.530187488    
   210.159988     -0.586068869    
   210.169998     -0.552947700    
   210.179993     -0.537321389    
   210.190002     -0.433371931    
   210.199997     -0.547342718    
   210.209991     -0.648065090    
   210.220001     -0.482289433    
   210.229996     -0.558213353    
   210.239990     -0.450187415    
   210.250000     -0.439316899    
   210.259995     -0.566875875    
   210.269989     -0.524922431    
   210.279999     -0.642630041    
   210.289993     -0.601525843    
   210.299988     -0.562120140    
   210.309998     -0.564498186    
   210.319992     -0.530357897    
   210.330002     -0.574009895    
   210.339996     -0.539020419    
   210.349991     -0.461397976    
   210.360001     -0.512013912    
   210.369995     -0.603394449    
   210.379990     -0.554646909    
   210.389999     -0.595751107    
   210.399994     -0.667089105    
   210.409988     -0.634647369    
   210.419998     -0.618511379    
   210.429993     -0.571462452    
   210.440002     -0.548872113    
   210.449997     -0.629212201    
   210.459991     -0.590995550    
   210.470001     -0.488914400    
   210.479996     -0.619530737    
   210.489990     -0.681696653    
   210.500000     -0.663352668    
   210.509995     -0.626324892    
   210.519989     -0.446621329    
   210.529999     -0.534265101    
   210.539993     -0.649594724    
   210.549988     -0.684584260    
   210.559998     -0.679318964    
   210.569992     -0.571632683    
   210.580002     -0.534095347    
   210.589996     -0.307682484    
   210.599991     -0.747599661    
   210.610001      -1.00000000    
   210.619995     -0.220208690    
   210.629990     -0.460889250    
   210.639999     -0.785306931    
   210.649994     -0.496897966    
   210.659988     -0.629892230    
   210.669998     -0.460040092    
   210.679993     -0.547344148    
   210.690002     -0.764924824    
   210.699997     -0.514053166    
   210.709991     -0.479743093    
   210.720001     -0.567386866    
   210.729996     -0.674903274    
   210.739990     -0.506579816    
   210.750000     -0.307682961    
   210.759995     -0.442205906    
   210.769989     -0.590656757    
   210.779999     -0.630572021    
   210.789993     -0.479573458    
   210.799988     -0.530189395    
   210.809998     -0.569425344    
   210.819992     -0.476855934    
   210.830002     -0.525433660    
   210.839996     -0.459531099    
   210.849991     -0.595752537    
   210.860001     -0.631591380    
   210.869995     -0.312948734    
   210.879990     -0.280846715    
   210.889999     -0.465306163    
   210.899994     -0.580465972    
   210.909988     -0.504372239    
   210.919998     -0.454945266    
   210.929993     -0.512185454    
   210.940002     -0.428448409    
   210.949997     -0.272184461    
   210.959991     -0.422843367    
   210.970001     -0.613757253    
   210.979996     -0.238214105    
   210.989990     -0.307004273    
   211.000000     -0.678810716    
   211.009995     -0.176727712    
   211.019989      -6.36062026E-02
   211.029999     -0.599489808    
   211.039993     -0.551761389    
   211.049988     -0.307174295    
   211.059998     -0.116770051    
   211.069992     -0.218851224    
   211.080002     -0.383607835    
   211.089996     -0.234137997    
   211.099991     -0.164838329    
   211.110001      -7.66850784E-02
   211.119995     -0.316686213    
   211.129990     -0.354223579    
   211.139999     -0.148532644    
   211.149994     -0.203225046    
   211.159988     -0.279488683    
   211.169998     -0.293416649    
   211.179993      -7.15897232E-02
   211.190002      -4.54325154E-02
   211.199997     -0.166197449    
   211.209991     -0.168575406    
   211.220001      -7.53265917E-02
   211.229996       3.35486270E-02
   211.239990     -0.129679352    
   211.250000     -0.232949495    
   211.259995       3.11706048E-02
   211.269989      -1.50292357E-02
   211.279999     -0.173161626    
   211.289993      -4.47534136E-02
   211.299988     -0.140380189    
   211.309998      -1.65580213E-02
   211.319992       4.32299264E-02
   211.330002     -0.184372023    
   211.339996       8.33149552E-02
   211.349991      0.272700131    
   211.360001      -9.43504423E-02
   211.369995      -5.69829978E-02
   211.379990       9.36545955E-04
   211.389999     -0.176219299    
   211.399994       3.08304802E-02
   211.409988     -0.116771072    
   211.419998      -4.11869101E-02
   211.429993      0.183867186    
   211.440002      0.102677837    
   211.449997       9.92807522E-02
   211.459991     -0.102333799    
   211.470001       7.66415847E-04
   211.479996      0.182168499    
   211.489990       1.02780676E-02
   211.500000      -6.03804551E-02
   211.509995       4.86646108E-02
   211.519989      0.111509860    
   211.529999      0.163654462    
   211.539993      0.194227844    
   211.549988       9.24863517E-02
   211.559998       6.14033639E-02
   211.569992      0.138855919    
   211.580002       8.29745382E-02
   211.589996       9.28259119E-02
   211.599991      0.165182918    
   211.610001      0.155501336    
   211.619995      0.155671149    
   211.629990      0.223442122    
   211.639999      0.173335716    
   211.649994       7.44817182E-02
   211.659988      0.269811690    
   211.669998      0.268622667    
   211.679993      0.168919429    
   211.690002      0.233123526    
   211.699997      0.286117375    
   211.709991      0.293421000    
   211.720001      0.127305523    
   211.729996      0.198643416    
   211.739990      0.412317395    
   211.750000      0.256223232    
   211.759995      0.343187541    
   211.769989      0.379535824    
   211.779999      0.167900026    
   211.789993      0.472954512    
   211.799988      0.380045354    
   211.809998      0.216477647    
   211.819992      0.359323353    
   211.830002      0.257242113    
   211.839996      0.375798881    
   211.849991      0.455289692    
   211.860001      0.474822640    
   211.869995      0.403824389    
   211.879990      0.305479974    
   211.889999      0.363569409    
   211.899994      0.424036741    
   211.909988      0.462253451    
   211.919998      0.359322995    
   211.929993      0.396860301    
   211.940002      0.430660874    
   211.949997      0.410108685    
   211.959991      0.478728920    
   211.970001      0.432019562    
   211.979996      0.411637306    
   211.989990      0.321615607    
   212.000000      0.302592129    
   212.009995      0.478728831    
   212.019989      0.478728741    
   212.029999      0.445098013    
   212.039993      0.473123640    
   212.049988      0.428962022    
   212.059998      0.314821303    
   212.069992      0.367985070    
   212.080002      0.458686084    
   212.089996      0.405182570    
   212.099991      0.431339800    
   212.110001      0.455458760    