     FRE.     REAL.    IMAG.    AMP.
    0.0000 0.00000000E+00 -.15410478E-07 0.15410478E-07
    0.0977 -.52132900E-03 0.15176194E-03 0.54296927E-03
    0.1954 -.11729919E-01 0.21170016E-01 0.24202492E-01
    0.2931 0.54467036E-02 -.20407118E-01 0.21121483E-01
    0.3908 0.67210607E-01 0.60573947E-02 0.67483015E-01
    0.4885 -.35510283E-01 0.82553834E-01 0.89867212E-01
    0.5863 -.31812107E-02 -.20512624E-01 0.20757837E-01
    0.6840 -.72498932E-02 0.45654289E-02 0.85676191E-02
    0.7817 -.56124451E-02 -.74123926E-02 0.92974780E-02
    0.8794 0.94135376E-02 0.22416571E-02 0.96767619E-02
    0.9771 0.33651381E-02 -.79316078E-02 0.86159473E-02
    1.0748 -.12353947E-02 0.28299659E-02 0.30878645E-02
    1.1725 -.20762587E-02 -.24499341E-02 0.32113902E-02
    1.2702 -.38875367E-02 -.27390823E-02 0.47555771E-02
    1.3679 -.23967423E-02 -.48094047E-02 0.53735226E-02
    1.4656 0.55238866E-03 0.12222431E-02 0.13412723E-02
    1.5634 -.42766011E-02 -.13482647E-02 0.44840979E-02
    1.6611 -.28908050E-02 0.20990646E-02 0.35725099E-02
    1.7588 -.40629050E-02 0.56064152E-03 0.41014040E-02
    1.8565 -.74903918E-02 0.11278619E-02 0.75748297E-02
    1.9542 -.58428631E-02 -.13295688E-02 0.59922286E-02
    2.0519 -.44259545E-02 0.85778878E-03 0.45083119E-02
    2.1496 -.47278986E-02 0.10227456E-02 0.48372550E-02
    2.2473 -.22910344E-02 0.15502260E-02 0.27662320E-02
    2.3450 -.30362215E-02 0.21906099E-02 0.37439836E-02
    2.4427 -.36082792E-02 0.16982708E-02 0.39879573E-02
    2.5405 -.46291417E-02 0.10074363E-02 0.47374973E-02
    2.6382 -.34190251E-02 -.36234740E-03 0.34381722E-02
    2.7359 -.33135535E-02 0.18212115E-02 0.37810644E-02
    2.8336 -.32107905E-02 0.29784348E-02 0.43795262E-02
    2.9313 -.19076922E-02 0.69964281E-03 0.20319424E-02
    3.0290 -.26395591E-02 0.22693039E-02 0.34809499E-02
    3.1267 -.10830997E-02 0.76313579E-03 0.13249458E-02
    3.2244 -.18313773E-02 0.17734955E-02 0.25493584E-02
    3.3221 -.15080024E-02 0.75628754E-03 0.16870217E-02
    3.4198 -.13386902E-02 0.13527866E-02 0.19031876E-02
    3.5176 -.48275699E-03 0.12297684E-02 0.13211301E-02
    3.6153 -.48934674E-03 0.15966621E-02 0.16699671E-02
    3.7130 -.62457868E-03 0.10109126E-02 0.11882940E-02
    3.8107 0.22956716E-03 0.89387392E-03 0.92288223E-03
    3.9084 0.42781440E-03 0.62527746E-03 0.75762597E-03
    4.0061 0.15153545E-05 0.10886553E-02 0.10886564E-02
    4.1038 -.13176165E-04 0.81820885E-03 0.81831496E-03
    4.2015 -.12577929E-03 0.80485333E-03 0.81462221E-03
    4.2992 0.22496415E-03 -.95579286E-04 0.24442642E-03
    4.3969 0.15196020E-04 0.12438900E-04 0.19637853E-04
    4.4947 -.31557924E-03 -.14827352E-03 0.34867649E-03
    4.5924 0.56574162E-03 0.85690047E-03 0.10268115E-02
    4.6901 -.79190293E-04 -.61838690E-03 0.62343682E-03
    4.7878 -.13306413E-02 -.23724492E-03 0.13516255E-02
    4.8855 -.12361523E-02 -.10430214E-02 0.16173949E-02
    4.9832 -.10169115E-02 -.38779162E-04 0.10176506E-02
    5.0809 -.82930317E-03 -.58714283E-03 0.10161104E-02
    5.1786 0.77522796E-04 -.10737727E-02 0.10765675E-02
    5.2763 -.11407254E-02 -.54848648E-03 0.12657377E-02
    5.3740 -.12668384E-02 0.20696789E-03 0.12836336E-02
    5.4718 -.63408836E-03 -.37135938E-03 0.73483045E-03
    5.5695 -.83617464E-03 -.66586159E-03 0.10689058E-02
    5.6672 -.12380403E-02 -.21971924E-04 0.12382353E-02
    5.7649 -.20538371E-02 0.81906248E-04 0.20554697E-02
    5.8626 -.11951121E-02 -.25451864E-03 0.12219136E-02
    5.9603 -.72474143E-03 -.57277555E-03 0.92375430E-03
    6.0580 -.88106561E-03 -.19007473E-04 0.88127062E-03
    6.1557 -.13761203E-02 0.26136456E-03 0.14007207E-02
    6.2534 -.43792842E-03 0.38486728E-03 0.58301300E-03
    6.3511 -.12398403E-02 0.74191735E-03 0.14448686E-02
    6.4489 -.19807553E-03 0.43035886E-03 0.47375381E-03
    6.5466 -.75267401E-03 0.91860892E-03 0.11875860E-02
    6.6443 -.79665863E-03 0.12876879E-02 0.15142012E-02
    6.7420 -.95229148E-03 0.75623591E-03 0.12160394E-02
    6.8397 -.11480626E-02 0.97014429E-03 0.15030728E-02
    6.9374 -.13232261E-02 0.48547218E-03 0.14094717E-02
    7.0351 -.64943661E-03 0.42901706E-03 0.77834667E-03
    7.1328 -.87550649E-03 0.82013622E-03 0.11996395E-02
    7.2305 -.13706696E-02 0.10320212E-02 0.17157514E-02
    7.3282 -.13642477E-04 0.39835725E-03 0.39859078E-03
    7.4260 -.57896198E-03 0.12402142E-02 0.13686959E-02
    7.5237 -.16521870E-04 0.13660270E-02 0.13661269E-02
    7.6214 -.26442233E-03 0.14108175E-02 0.14353833E-02
    7.7191 -.16580192E-03 0.54966524E-03 0.57412731E-03
    7.8168 0.15343988E-03 0.10280588E-02 0.10394463E-02
    7.9145 -.21370449E-03 0.44515971E-03 0.49379829E-03
    8.0122 0.14460724E-03 0.51666668E-03 0.53652184E-03
    8.1099 -.70850510E-04 0.52549707E-03 0.53025183E-03
    8.2076 0.55691687E-03 0.52378332E-03 0.76452951E-03
    8.3053 -.11329793E-03 0.49869920E-03 0.51140721E-03
    8.4031 -.65301824E-03 0.96528942E-03 0.11654254E-02
    8.5008 0.45560038E-04 0.70304511E-03 0.70451980E-03
    8.5985 -.59377385E-03 -.57620881E-03 0.82739588E-03
    8.6962 0.82918932E-05 0.13633375E-03 0.13658567E-03
    8.7939 -.36577869E-03 0.48678019E-03 0.60889160E-03
    8.8916 -.96820167E-03 0.12005150E-02 0.15422874E-02
    8.9893 -.90218069E-04 0.73217129E-03 0.73770870E-03
    9.0870 -.30850561E-05 -.40612710E-03 0.40613883E-03
    9.1847 -.18613525E-02 0.49530400E-03 0.19261254E-02
    9.2824 -.92606002E-03 0.12524495E-02 0.15576318E-02
    9.3802 -.42814712E-03 -.99353935E-03 0.10818643E-02
    9.4779 -.45897448E-03 -.42557789E-04 0.46094332E-03
    9.5756 0.79748529E-03 0.82677876E-03 0.11487149E-02
    9.6733 -.92985062E-03 -.57231402E-03 0.10918634E-02
    9.7710 0.66159107E-03 0.16222262E-02 0.17519477E-02
    9.8687 -.11570390E-02 0.20074551E-02 0.23170272E-02
    9.9664 0.23710515E-03 0.22098471E-02 0.22225308E-02
   10.0641 -.31406732E-03 0.82318502E-03 0.88106294E-03
   10.1618 -.19497233E-02 0.16057296E-02 0.25258244E-02
   10.2595 0.22868329E-03 0.44049346E-02 0.44108666E-02
   10.3573 0.63265056E-05 0.14480917E-02 0.14481056E-02
   10.4550 -.13740623E-02 0.16036215E-02 0.21117881E-02
   10.5527 -.43182061E-02 0.27561816E-02 0.51228353E-02
   10.6504 -.11175297E-02 0.10681398E-02 0.15458963E-02
   10.7481 -.45701463E-03 0.49440218E-02 0.49650995E-02
   10.8458 0.11279432E-03 0.28790829E-02 0.28812916E-02
   10.9435 0.98841311E-03 0.21816359E-02 0.23950983E-02
   11.0412 -.27479595E-02 0.30844279E-02 0.41309777E-02
   11.1389 0.13329095E-02 0.71593197E-02 0.72823423E-02
   11.2366 0.48692697E-02 0.15040161E-01 0.15808739E-01
   11.3344 -.16271720E-01 -.25606509E-01 0.30339120E-01
   11.4321 -.43892856E-02 -.82309581E-02 0.93281567E-02
   11.5298 -.89692548E-02 0.52119987E-02 0.10373643E-01
   11.6275 -.53887106E-02 0.28995879E-02 0.61192983E-02
   11.7252 -.70432632E-03 -.11474033E-01 0.11495630E-01
   11.8229 -.70645253E-03 -.25746487E-02 0.26698110E-02
   11.9206 -.89396164E-03 0.64103544E-03 0.11000426E-02
   12.0183 -.35903400E-02 0.73976270E-02 0.82228603E-02
   12.1160 -.13408940E-01 -.83155008E-02 0.15778061E-01
   12.2137 -.23336613E-02 0.30079698E-02 0.38070800E-02
   12.3115 -.93470147E-03 -.52976478E-02 0.53794738E-02
   12.4092 -.43612390E-03 -.33004107E-02 0.33291013E-02
   12.5069 0.41902851E-03 -.28170273E-03 0.50491712E-03
   12.6046 -.31367497E-03 0.21992340E-02 0.22214910E-02
   12.7023 0.10200862E-02 -.35830464E-02 0.37254258E-02
   12.8000 0.97142294E-03 0.10376800E-02 0.14214226E-02
   12.8977 -.44136256E-03 0.12814312E-02 0.13553106E-02
   12.9954 0.24418538E-02 -.18803714E-02 0.30819550E-02
   13.0931 0.23413978E-02 0.11391815E-02 0.26038198E-02
   13.1908 0.15454591E-02 -.42645476E-03 0.16032179E-02
   13.2885 0.26383980E-02 0.10582148E-02 0.28427034E-02
   13.3863 0.24545577E-02 -.96319150E-03 0.26367768E-02
   13.4840 0.56566781E-03 -.16957036E-02 0.17875656E-02
   13.5817 0.19539935E-02 -.12466834E-02 0.23178244E-02
   13.6794 -.40876741E-04 -.66410698E-03 0.66536380E-03
   13.7771 0.78911668E-04 -.16289651E-02 0.16308754E-02
   13.8748 0.10988665E-02 -.11500661E-02 0.15906475E-02
   13.9725 -.23253697E-03 -.65717869E-03 0.69710636E-03
   14.0702 -.49827783E-03 0.23833616E-03 0.55234495E-03
   14.1679 -.58363850E-03 -.23793855E-02 0.24499202E-02
   14.2656 -.68697892E-03 -.99430454E-03 0.12085452E-02
   14.3634 -.70773729E-03 -.11715703E-02 0.13687472E-02
   14.4611 -.37483004E-03 -.99558337E-03 0.10638062E-02
   14.5588 0.56745528E-04 -.39926369E-03 0.40327603E-03
   14.6565 -.39929606E-03 -.47499241E-03 0.62052812E-03
   14.7542 -.44728769E-03 -.16764591E-03 0.47767293E-03
   14.8519 0.48148612E-03 -.13084990E-02 0.13942735E-02
   14.9496 -.10503387E-02 -.60674211E-03 0.12129911E-02
   15.0473 -.94658608E-03 -.43068844E-03 0.10399604E-02
   15.1450 -.40419310E-03 0.93587187E-04 0.41488628E-03
   15.2427 -.12012352E-02 0.71688992E-04 0.12033725E-02
   15.3405 -.67545206E-03 -.20842259E-04 0.67577354E-03
   15.4382 -.98177756E-03 0.62028220E-03 0.11613084E-02
   15.5359 -.69963938E-03 0.38028526E-03 0.79631159E-03
   15.6336 -.60498738E-03 0.46356270E-03 0.76216803E-03
   15.7313 -.37343687E-03 0.59413043E-03 0.70174498E-03
   15.8290 -.54576498E-03 0.35828919E-03 0.65286335E-03
   15.9267 -.37892969E-03 0.62711275E-03 0.73270604E-03
   16.0244 -.35069927E-03 0.45533603E-03 0.57473546E-03
   16.1221 -.21391759E-03 0.55936177E-03 0.59887086E-03
   16.2198 -.95213378E-04 0.71296742E-03 0.71929698E-03
   16.3176 0.17124954E-04 0.57291420E-03 0.57317008E-03
   16.4153 -.54107266E-04 0.63879561E-03 0.64108300E-03
   16.5130 0.96423188E-04 0.46142581E-03 0.47139285E-03
   16.6107 0.37405099E-03 0.47914381E-03 0.60785929E-03
   16.7084 0.49782736E-03 0.43124004E-03 0.65863499E-03
   16.8061 0.34250118E-03 0.45149808E-03 0.56670769E-03
   16.9038 0.42245496E-03 0.23014194E-03 0.48107537E-03
   17.0015 0.51050243E-03 0.40428218E-03 0.65119646E-03
   17.0992 0.41668414E-03 0.10976433E-03 0.43089892E-03
   17.1969 0.51731372E-03 0.17269744E-03 0.54537866E-03
   17.2947 0.52342302E-03 0.31370905E-03 0.61023358E-03
   17.3924 0.38257928E-03 0.95314237E-04 0.39427364E-03
   17.4901 0.63672656E-03 -.70263650E-06 0.63672697E-03
   17.5878 0.54514938E-03 -.15776567E-03 0.56751905E-03
   17.6855 0.44711409E-03 -.28536047E-03 0.53041644E-03
   17.7832 0.31254461E-03 -.23675375E-03 0.39209242E-03
   17.8809 0.34708684E-03 -.59104135E-04 0.35208318E-03
   17.9786 0.17610325E-03 -.24400713E-03 0.30091833E-03
   18.0763 0.21399976E-04 -.10394296E-03 0.10612304E-03
   18.1740 0.55251125E-03 -.19073345E-03 0.58450655E-03
   18.2718 0.29485169E-03 -.39090536E-03 0.48963714E-03
   18.3695 -.11390281E-02 -.62018365E-03 0.12969243E-02
   18.4672 0.22668604E-03 -.41687430E-03 0.47452160E-03
   18.5649 -.29715127E-03 0.27646805E-03 0.40587370E-03
   18.6626 0.76778815E-03 -.53998496E-03 0.93865988E-03
   18.7603 0.68950775E-03 -.82429574E-03 0.10746554E-02
   18.8580 0.17886530E-02 -.10385163E-02 0.20682833E-02
   18.9557 -.13092088E-01 0.42662323E-02 0.13769658E-01
   19.0534 -.15715194E-02 0.16983876E-03 0.15806702E-02
   19.1511 -.92460652E-03 0.10064226E-03 0.93006779E-03
   19.2489 -.94239350E-03 -.48976223E-03 0.10620605E-02
   19.3466 0.99077988E-04 0.38361771E-03 0.39620575E-03
   19.4443 0.11272265E-03 0.24540543E-02 0.24566418E-02
   19.5420 -.89899072E-03 -.79253840E-03 0.11984579E-02
   19.6397 -.84907413E-04 0.28606798E-03 0.29840268E-03
   19.7374 0.21283694E-03 -.55641623E-03 0.59573364E-03
   19.8351 -.35254657E-03 0.31817501E-03 0.47489413E-03
   19.9328 -.29679463E-03 0.26775189E-03 0.39972257E-03
   20.0305 -.35181042E-03 0.16183549E-03 0.38724838E-03
   20.1282 -.27299472E-03 0.14161444E-03 0.30753986E-03
   20.2260 -.23219078E-03 0.29987244E-04 0.23411919E-03
   20.3237 -.41852327E-03 0.29830789E-03 0.51395461E-03
   20.4214 0.52469724E-03 0.93278868E-04 0.53292414E-03
   20.5191 -.90688867E-04 0.18257367E-03 0.20385685E-03
   20.6168 -.10473521E-03 0.40949781E-04 0.11245599E-03
   20.7145 -.83663203E-04 -.47408659E-04 0.96161908E-04
   20.8122 -.46302961E-04 -.16757876E-04 0.49242164E-04
   20.9099 0.17674596E-04 -.14185366E-03 0.14295052E-03
   21.0076 -.75387870E-04 0.40738749E-04 0.85691172E-04
   21.1053 0.99506460E-05 0.32343494E-03 0.32358797E-03
   21.2031 0.10973892E-03 -.27954439E-03 0.30031268E-03
   21.3008 0.15991792E-03 0.42227691E-03 0.45154348E-03
   21.3985 0.11721875E-03 -.63325919E-04 0.13323066E-03
   21.4962 -.56048601E-04 -.24215385E-03 0.24855571E-03
   21.5939 0.17838354E-04 -.44998615E-04 0.48405393E-04
   21.6916 -.19806788E-03 -.24258636E-03 0.31317573E-03
   21.7893 0.32116807E-03 -.20041311E-04 0.32179276E-03
   21.8870 -.32755229E-03 -.30526583E-03 0.44774738E-03
   21.9847 -.34649798E-03 -.39914719E-03 0.52856345E-03
   22.0824 -.34052573E-03 -.12109683E-03 0.36141695E-03
   22.1802 -.36436136E-03 -.21836927E-03 0.42478740E-03
   22.2779 -.28067440E-03 -.63511590E-03 0.69437042E-03
   22.3756 -.17534725E-03 -.17013210E-03 0.24431862E-03
   22.4733 -.32412336E-03 -.30521664E-03 0.44521136E-03
   22.5710 -.43248880E-03 -.11825377E-03 0.44836427E-03
   22.6687 0.33922290E-03 0.12898816E-03 0.36291889E-03
   22.7664 -.69855574E-04 -.79094971E-04 0.10552637E-03
   22.8641 -.19027793E-03 -.39672392E-03 0.43999494E-03
   22.9618 -.11756224E-03 -.23599041E-04 0.11990744E-03
   23.0595 -.32123650E-03 -.16624124E-03 0.36170296E-03
   23.1573 -.38921271E-03 0.65097073E-03 0.75845199E-03
   23.2550 -.23670308E-03 -.11954738E-03 0.26517906E-03
   23.3527 0.60372218E-03 -.60606888E-03 0.85545308E-03
   23.4504 -.19167783E-02 0.95820072E-03 0.21429390E-02
   23.5481 -.11517906E-02 0.30183292E-03 0.11906824E-02
   23.6458 -.79775933E-03 -.22010665E-04 0.79806295E-03
   23.7435 -.78937173E-03 0.22024391E-04 0.78967895E-03
   23.8412 -.10469023E-02 0.18381897E-04 0.10470636E-02
   23.9389 -.71974081E-03 -.22835440E-03 0.75509772E-03
   24.0366 -.61320333E-03 0.50683727E-03 0.79555158E-03
   24.1344 -.54547837E-03 0.31976707E-03 0.63229550E-03
   24.2321 -.28486119E-03 0.49169052E-04 0.28907350E-03
   24.3298 -.26413094E-03 0.29901791E-03 0.39896974E-03
   24.4275 -.38728723E-03 0.47154570E-03 0.61020220E-03
   24.5252 -.60341321E-03 -.39910628E-04 0.60473167E-03
   24.6229 -.32461132E-03 0.55319857E-03 0.64140564E-03
   24.7206 -.11516656E-02 -.13106124E-03 0.11590990E-02
   24.8183 0.32951650E-02 -.23093959E-02 0.40238565E-02
   24.9160 -.27629308E-03 0.55804173E-03 0.62269450E-03
   25.0137 0.52858854E-03 -.28164868E-03 0.59894228E-03
   25.1115 0.30032694E-03 -.35070330E-04 0.30236764E-03
   25.2092 -.26142623E-03 0.13445379E-03 0.29397535E-03
   25.3069 0.95900366E-04 0.17213311E-03 0.19704488E-03
   25.4046 -.24047012E-03 -.20853485E-03 0.31829652E-03
   25.5023 -.24724758E-03 0.27456280E-03 0.36948084E-03
   25.6000 -.51798503E-03 0.48684009E-03 0.71085989E-03
   25.6977 -.64675102E-03 0.41548320E-03 0.76870876E-03
   25.7954 0.21411633E-03 0.44673972E-04 0.21872715E-03
   25.8931 0.33335670E-03 0.32215990E-03 0.46358784E-03
   25.9908 -.36094413E-03 -.11822466E-02 0.12361180E-02
   26.0886 0.19764304E-02 -.15528260E-02 0.25134729E-02
   26.1863 -.14617841E-02 -.67119935E-03 0.16085153E-02
   26.2840 0.50245846E-04 -.20082857E-03 0.20701873E-03
   26.3817 0.41158422E-03 -.16692530E-03 0.44414596E-03
   26.4794 0.19417838E-03 0.17237943E-03 0.25965343E-03
   26.5771 0.12825680E-03 -.22749433E-03 0.26115795E-03
   26.6748 -.32649207E-03 -.14750051E-03 0.35826451E-03
   26.7725 -.18498935E-03 -.12220192E-03 0.22170784E-03
   26.8702 0.24983173E-03 -.26378655E-03 0.36331700E-03
   26.9679 0.45008761E-04 -.38443104E-04 0.59191731E-04
   27.0656 0.28210811E-03 -.83648156E-04 0.29424820E-03
   27.1634 0.98884047E-04 0.24168233E-03 0.26112908E-03
   27.2611 0.16009606E-04 -.27643068E-03 0.27689390E-03
   27.3588 -.53407450E-03 0.35760872E-03 0.64274378E-03
   27.4565 0.15386897E-03 -.10442564E-03 0.18595799E-03
   27.5542 -.27561726E-03 0.17213593E-03 0.32495486E-03
   27.6519 0.89678069E-04 -.47731108E-04 0.10158944E-03
   27.7496 0.27437831E-03 0.65516128E-04 0.28209187E-03
   27.8473 0.64143842E-05 0.94096504E-04 0.94314877E-04
   27.9450 -.76281976E-04 0.14642392E-03 0.16510271E-03
   28.0427 -.99123215E-04 -.36735786E-04 0.10571154E-03
   28.1405 0.41430400E-03 -.30289215E-03 0.51321677E-03
   28.2382 0.82695996E-03 0.99356612E-03 0.12926857E-02
   28.3359 -.55320049E-02 0.95293351E-03 0.56134802E-02
   28.4336 -.19957813E-04 0.23114256E-03 0.23200258E-03
   28.5313 0.19415544E-03 0.79451501E-03 0.81789389E-03
   28.6290 -.36920619E-03 0.10284883E-04 0.36934941E-03
   28.7267 -.81622682E-03 -.55322016E-04 0.81809948E-03
   28.8244 -.67104923E-03 -.46278851E-03 0.81515661E-03
   28.9221 -.22088176E-03 0.19675080E-03 0.29580336E-03
   29.0198 0.66987035E-03 -.68617059E-03 0.95893501E-03
   29.1176 0.72190235E-03 0.65753318E-03 0.97646960E-03
   29.2153 0.14516276E-03 0.60366288E-04 0.15721424E-03
   29.3130 0.37882454E-03 0.90363610E-03 0.97982970E-03
   29.4107 -.75148673E-04 0.32150673E-03 0.33017254E-03
   29.5084 0.56023529E-03 0.21839434E-03 0.60129829E-03
   29.6061 0.11349925E-03 0.59663231E-03 0.60733204E-03
   29.7038 0.31932327E-03 -.50648890E-03 0.59874734E-03
   29.8015 -.12293597E-04 0.36624880E-03 0.36645506E-03
   29.8992 0.14706889E-03 -.15728764E-03 0.21533383E-03
   29.9969 -.30923539E-03 -.24474380E-03 0.39436790E-03
   30.0947 0.31037038E-03 0.48562077E-04 0.31414654E-03
   30.1924 0.12243571E-03 -.12379975E-03 0.17411743E-03
   30.2901 -.14447494E-03 -.13726711E-04 0.14512557E-03
   30.3878 0.43540203E-03 -.13883850E-03 0.45700226E-03
   30.4855 0.24449616E-03 -.22566890E-03 0.33272334E-03
   30.5832 -.25430438E-03 -.38635079E-03 0.46253394E-03
   30.6809 0.78343000E-05 -.82187951E-04 0.82560495E-04
   30.7786 0.28884811E-04 -.28980739E-03 0.29124328E-03
   30.8763 -.14048854E-04 -.38098035E-03 0.38123928E-03
   30.9740 -.19469825E-03 -.48419199E-04 0.20062858E-03
   31.0718 -.27308113E-04 -.25347609E-03 0.25494286E-03
   31.1695 -.62999425E-04 -.26779194E-03 0.27510262E-03
   31.2672 -.31500065E-03 0.10483959E-03 0.33198908E-03
   31.3649 -.35639119E-03 -.13641427E-03 0.38160651E-03
   31.4626 -.36966742E-03 -.24841138E-03 0.44537874E-03
   31.5603 -.56038793E-04 -.37780912E-04 0.67585082E-04
   31.6580 -.19336435E-03 0.36330632E-04 0.19674777E-03
   31.7557 -.37581517E-03 -.30030737E-04 0.37701312E-03
   31.8534 -.28395592E-03 0.30143879E-03 0.41412114E-03
   31.9511 -.41175104E-03 0.30859603E-04 0.41290585E-03
   32.0489 -.27083946E-03 0.15700930E-03 0.31305899E-03
   32.1466 -.31155488E-03 -.30171197E-04 0.31301237E-03
   32.2443 -.22555239E-03 0.89051842E-04 0.24249559E-03
   32.3420 -.14202298E-03 0.13355519E-03 0.19495517E-03
   32.4397 -.22914987E-03 0.18140138E-03 0.29226037E-03
   32.5374 -.58673890E-04 0.26741116E-04 0.64480329E-04
   32.6351 -.17837844E-03 -.68987359E-03 0.71256189E-03
   32.7328 -.10009317E-03 0.46443255E-03 0.47509602E-03
   32.8305 -.74740259E-04 0.63643733E-03 0.64081087E-03
   32.9282 0.23375002E-04 0.14235085E-03 0.14425725E-03
   33.0260 0.14295559E-03 0.37033754E-03 0.39697127E-03
   33.1237 0.10262097E-03 0.36639764E-03 0.38049743E-03
   33.2214 -.92041759E-04 0.25991315E-03 0.27572911E-03
   33.3191 0.45021552E-04 0.48673176E-03 0.48880954E-03
   33.4168 0.10591617E-03 0.27390532E-03 0.29367048E-03
   33.5145 0.89989822E-04 0.24996512E-03 0.26567033E-03
   33.6122 0.15231334E-03 0.24884773E-03 0.29176113E-03
   33.7099 0.15638968E-03 0.25506117E-03 0.29918880E-03
   33.8076 0.10377550E-03 0.32635068E-03 0.34245310E-03
   33.9053 0.28701936E-03 0.26140755E-03 0.38821902E-03
   34.0031 0.16871234E-04 -.72488351E-05 0.18362574E-04
   34.1008 0.91115953E-06 0.89053401E-05 0.89518317E-05
   34.1985 0.13489331E-03 -.41547366E-04 0.14114669E-03
   34.2962 0.61793377E-04 0.49107935E-05 0.61988205E-04
   34.3939 0.83739527E-04 0.17982929E-04 0.85648666E-04
   34.4916 -.26058007E-03 -.59989437E-04 0.26739616E-03
   34.5893 0.26949463E-03 -.15294587E-03 0.30987061E-03
   34.6870 0.23957661E-03 -.11602395E-03 0.26619263E-03
   34.7847 0.84757157E-04 -.13627588E-03 0.16048331E-03
   34.8824 0.73879179E-04 -.73048694E-04 0.10389536E-03
   34.9802 0.22582259E-03 -.12079288E-03 0.25609913E-03
   35.0779 0.16049187E-03 0.98350189E-04 0.18822965E-03
   35.1756 0.42828446E-03 0.43726212E-03 0.61206677E-03
   35.2733 -.18981687E-03 -.33417915E-03 0.38432557E-03
   35.3710 -.22034552E-03 -.26169777E-03 0.34210799E-03
   35.4687 -.12799444E-03 -.18454007E-03 0.22458320E-03
   35.5664 -.28613888E-03 -.73002440E-04 0.29530461E-03
   35.6641 -.34374371E-03 -.11487133E-03 0.36242954E-03
   35.7618 -.46557243E-03 0.14160229E-04 0.46578771E-03
   35.8595 -.20870268E-03 -.16495919E-03 0.26602321E-03
   35.9573 -.32920970E-03 -.12697892E-03 0.35284937E-03
   36.0550 -.36970305E-03 0.13453976E-03 0.39342252E-03
   36.1527 -.38025074E-03 0.11879471E-03 0.39837521E-03
   36.2504 -.11326745E-02 0.48419103E-03 0.12318249E-02
   36.3481 -.15644553E-03 0.67194640E-04 0.17026546E-03
   36.4458 -.20472099E-03 0.11367257E-03 0.23416262E-03
   36.5435 -.22037369E-03 0.25915884E-03 0.34018798E-03
   36.6412 -.18399794E-03 0.16226989E-03 0.24532989E-03
   36.7389 0.19514217E-03 0.17328879E-03 0.26097792E-03
   36.8366 -.18493686E-03 0.26693006E-03 0.32473574E-03
   36.9344 -.16661269E-03 0.24686038E-03 0.29782517E-03
   37.0321 -.11589894E-03 0.25230218E-03 0.27764897E-03
   37.1298 -.19618806E-03 0.27695831E-03 0.33940485E-03
   37.2275 -.21760151E-03 0.19544193E-03 0.29248584E-03
   37.3252 0.45695448E-04 0.17188145E-03 0.17785192E-03
   37.4229 0.25981135E-04 0.29447564E-03 0.29561957E-03
   37.5206 0.26245401E-03 0.21655286E-03 0.34026057E-03
   37.6183 0.14772845E-03 0.24477436E-03 0.28589892E-03
   37.7160 0.15652155E-03 0.10482428E-03 0.18838026E-03
   37.8137 0.57409303E-04 0.20481473E-03 0.21270849E-03
   37.9114 0.56584995E-04 0.16597816E-03 0.17535852E-03
   38.0092 0.35460442E-03 0.43320455E-03 0.55983075E-03
   38.1069 0.97936128E-04 0.14755914E-03 0.17710219E-03
   38.2046 0.17130727E-03 -.14880554E-03 0.22691247E-03
   38.3023 0.16610122E-03 -.70377096E-05 0.16625025E-03
   38.4000 0.14564028E-03 -.60359689E-05 0.14576531E-03
   38.4977 0.11376722E-03 -.41457391E-03 0.42990057E-03
   38.5954 -.76536206E-04 0.48716640E-03 0.49314188E-03
   38.6931 -.13084325E-03 0.67754998E-04 0.14734550E-03
   38.7908 -.26403841E-04 -.22294812E-03 0.22450618E-03
   38.8885 -.11429501E-02 -.28560124E-03 0.11780930E-02
   38.9863 0.77584182E-03 0.30473018E-04 0.77644002E-03
   39.0840 0.45813390E-03 -.22990067E-03 0.51258266E-03
   39.1817 0.26428179E-03 -.97471799E-04 0.28168355E-03
   39.2794 0.94844087E-04 -.97213444E-04 0.13581551E-03
   39.3771 -.11205421E-03 -.41596904E-04 0.11952594E-03
   39.4748 -.15586937E-02 0.43146787E-03 0.16173096E-02
   39.5725 0.42819142E-03 -.14714076E-03 0.45276736E-03
   39.6702 0.16841493E-03 -.35023439E-03 0.38862284E-03
   39.7679 0.13646461E-04 -.34445812E-03 0.34472832E-03
   39.8657 -.46225599E-04 0.14334903E-03 0.15061790E-03
   39.9634 -.14793438E-03 0.15075364E-03 0.21121373E-03
   40.0611 -.19573010E-03 -.79330690E-04 0.21119571E-03
   40.1588 -.24325114E-03 -.33667726E-04 0.24557000E-03
   40.2565 -.23600506E-03 -.25824924E-04 0.23741380E-03
   40.3542 -.11121335E-03 -.58794201E-04 0.12579812E-03
   40.4519 -.30861591E-03 0.11255474E-03 0.32850014E-03
   40.5496 -.24108969E-03 0.40351806E-04 0.24444325E-03
   40.6473 0.84842286E-05 0.30417017E-04 0.31578111E-04
   40.7450 -.23421187E-03 0.15404806E-03 0.28033197E-03
   40.8427 -.12326194E-03 0.18682091E-04 0.12466966E-03
   40.9405 -.19051239E-03 0.19668724E-03 0.27382630E-03
   41.0382 -.18855120E-03 0.81376311E-04 0.20536226E-03
   41.1359 -.14015054E-03 0.34173208E-03 0.36935482E-03
   41.2336 -.86102547E-04 0.22492383E-03 0.24084098E-03
   41.3313 -.13597711E-03 0.24059354E-03 0.27636031E-03
   41.4290 -.50033283E-04 0.14179829E-03 0.15036650E-03
   41.5267 -.13241117E-03 0.24392641E-03 0.27754784E-03
   41.6244 -.12552207E-03 0.20301581E-03 0.23868642E-03
   41.7221 0.74835036E-04 0.25062569E-03 0.26155979E-03
   41.8198 0.40209139E-04 0.20846511E-03 0.21230750E-03
   41.9176 0.42258267E-04 0.30428222E-04 0.52073388E-04
   42.0153 0.91640228E-04 0.21400079E-03 0.23279662E-03
   42.1130 0.85396328E-04 0.35907826E-03 0.36909312E-03
   42.2107 0.62306201E-04 0.16681640E-03 0.17807238E-03
   42.3084 0.66511901E-04 0.30069935E-03 0.30796742E-03
   42.4061 0.17660718E-03 0.13142845E-03 0.22014434E-03
   42.5038 0.37611919E-03 0.23927841E-03 0.44578000E-03
   42.6015 0.26424282E-03 0.34143388E-04 0.26643954E-03
   42.6992 0.13016723E-03 -.23639192E-04 0.13229634E-03
   42.7969 0.19664060E-03 -.16091031E-04 0.19729786E-03
   42.8947 0.43528897E-04 0.46126730E-04 0.63422711E-04
   42.9924 0.84127234E-04 -.76135817E-04 0.11346389E-03
   43.0901 0.15269965E-04 -.11070907E-03 0.11175720E-03
   43.1878 0.11568089E-03 -.20825959E-04 0.11754059E-03
   43.2855 0.22262718E-03 -.12638624E-03 0.25600067E-03
   43.3832 -.63159372E-04 -.60762493E-04 0.87642380E-04
   43.4809 0.26938602E-04 -.17732543E-03 0.17935997E-03
   43.5786 -.80757491E-04 -.11002423E-03 0.13648115E-03
   43.6763 -.70888156E-04 -.15709222E-03 0.17234586E-03
   43.7740 -.14605834E-03 -.12140944E-03 0.18992971E-03
   43.8718 -.10868942E-03 -.26514719E-04 0.11187681E-03
   43.9695 -.19157141E-03 -.33874217E-04 0.19454323E-03
   44.0672 -.12156618E-03 -.69936243E-04 0.14024769E-03
   44.1649 -.16928185E-03 -.16163860E-03 0.23405851E-03
   44.2626 -.14825437E-03 -.13652463E-03 0.20153991E-03
   44.3603 -.15174366E-03 -.44718148E-04 0.15819562E-03
   44.4580 -.15419451E-03 0.48078389E-04 0.16151619E-03
   44.5557 -.10240910E-03 -.10805207E-03 0.14887200E-03
   44.6534 -.18517359E-03 0.20766034E-04 0.18633434E-03
   44.7511 -.22982356E-03 0.70356924E-04 0.24035176E-03
   44.8489 -.22835669E-03 0.16386907E-03 0.28106911E-03
   44.9466 -.14979359E-03 0.14861708E-03 0.21100984E-03
   45.0443 -.18400897E-03 0.13731180E-03 0.22959492E-03
   45.1420 -.22562281E-04 0.12778811E-03 0.12976462E-03
   45.2397 -.18433026E-03 0.23698168E-03 0.30022985E-03
   45.3374 -.82525039E-04 0.26516878E-03 0.27771364E-03
   45.4351 0.72549101E-05 0.16946399E-03 0.16961922E-03
   45.5328 -.37754231E-04 0.24754374E-03 0.25040624E-03
   45.6305 -.74044336E-04 0.23870346E-03 0.24992379E-03
   45.7282 0.58490896E-05 0.17858479E-03 0.17868055E-03
   45.8260 -.26176560E-05 0.24271783E-03 0.24273194E-03
   45.9237 0.34252007E-04 0.25783663E-03 0.26010175E-03
   46.0214 0.49054150E-04 0.23351118E-03 0.23860800E-03
   46.1191 0.70794740E-04 0.22852639E-03 0.23924089E-03
   46.2168 0.93644136E-04 0.21445529E-03 0.23400917E-03
   46.3145 0.11178903E-03 0.19868719E-03 0.22797672E-03
   46.4122 0.13018744E-03 0.18101465E-03 0.22296877E-03
   46.5099 0.14319587E-03 0.15731920E-03 0.21273078E-03
   46.6076 0.15054057E-03 0.13404329E-03 0.20156901E-03
   46.7053 0.16176251E-03 0.11066575E-03 0.19599494E-03
   46.8031 0.16589569E-03 0.85828717E-04 0.18678316E-03
   46.9008 0.16432957E-03 0.62334773E-04 0.17575503E-03
   46.9985 0.16028168E-03 0.39638569E-04 0.16511037E-03
   47.0962 0.15257215E-03 0.15774254E-04 0.15338542E-03
   47.1939 0.13955767E-03 -.74303935E-05 0.13975534E-03
   47.2916 0.13008043E-03 -.30358478E-04 0.13357603E-03
   47.3893 0.11258302E-03 -.47820518E-04 0.12231818E-03
   47.4870 0.96093696E-04 -.61783736E-04 0.11424197E-03
   47.5847 0.73164367E-04 -.72063383E-04 0.10269448E-03
   47.6824 0.55676497E-04 -.84097941E-04 0.10085800E-03
   47.7802 0.26726855E-04 -.93283430E-04 0.97036711E-04
   47.8779 0.48366519E-05 -.96059121E-04 0.96180811E-04
   47.9756 -.21456954E-04 -.92290029E-04 0.94751522E-04
   48.0733 -.47074183E-04 -.89911642E-04 0.10148932E-03
   48.1710 -.70059614E-04 -.85525236E-04 0.11055730E-03
   48.2687 -.91146219E-04 -.72571856E-04 0.11650883E-03
   48.3664 -.11062944E-03 -.56814486E-04 0.12436543E-03
   48.4641 -.13030706E-03 -.38344308E-04 0.13583158E-03
   48.5618 -.14858297E-03 -.19025834E-04 0.14979613E-03
   48.6595 -.15949352E-03 0.23732093E-05 0.15951117E-03
   48.7573 -.17063154E-03 0.24365761E-04 0.17236244E-03
   48.8550 -.17133223E-03 0.46107118E-04 0.17742773E-03
   48.9527 -.17243963E-03 0.72310315E-04 0.18698718E-03
   49.0504 -.17216125E-03 0.10122583E-03 0.19971521E-03
   49.1481 -.16775852E-03 0.12515266E-03 0.20929909E-03
   49.2458 -.16022184E-03 0.14714821E-03 0.21753996E-03
   49.3435 -.15070365E-03 0.16888817E-03 0.22635107E-03
   49.4412 -.13238135E-03 0.18544574E-03 0.22784850E-03
   49.5389 -.11476467E-03 0.20775886E-03 0.23734926E-03
   49.6366 -.94444622E-04 0.21952315E-03 0.23897740E-03
   49.7344 -.72450108E-04 0.23326854E-03 0.24426059E-03
   49.8321 -.49973602E-04 0.24196100E-03 0.24706777E-03
