  0.00000  0.00000
  0.03125  0.19509
  0.06250  0.38268
  0.09375  0.55557
  0.12500  0.70711
  0.15625  0.83147
  0.18750  0.92388
  0.21875  0.98079
  0.25000  1.00000
  0.28125  0.98079
  0.31250  0.92388
  0.34375  0.83147
  0.37500  0.70711
  0.40625  0.55557
  0.43750  0.38268
  0.46875  0.19509
  0.50000  0.00000
  0.53125 -0.19509
  0.56250 -0.38268
  0.59375 -0.55557
  0.62500 -0.70711
  0.65625 -0.83147
  0.68750 -0.92388
  0.71875 -0.98079
  0.75000 -1.00000
  0.78125 -0.98079
  0.81250 -0.92388
  0.84375 -0.83147
  0.87500 -0.70711
  0.90625 -0.55557
  0.93750 -0.38268
  0.96875 -0.19509
  1.00000  0.00000
  1.03125  0.19509
  1.06250  0.38268
  1.09375  0.55557
  1.12500  0.70711
  1.15625  0.83147
  1.18750  0.92388
  1.21875  0.98079
  1.25000  1.00000
  1.28125  0.98079
  1.31250  0.92388
  1.34375  0.83147
  1.37500  0.70711
  1.40625  0.55557
  1.43750  0.38268
  1.46875  0.19509
  1.50000  0.00000
  1.53125 -0.19509
  1.56250 -0.38268
  1.59375 -0.55557
  1.62500 -0.70711
  1.65625 -0.83147
  1.68750 -0.92388
  1.71875 -0.98079
  1.75000 -1.00000
  1.78125 -0.98079
  1.81250 -0.92388
  1.84375 -0.83147
  1.87500 -0.70711
  1.90625 -0.55557
  1.93750 -0.38268
  1.96875 -0.19509
  2.00000  0.00000
  2.03125  0.19509
  2.06250  0.38268
  2.09375  0.55557
  2.12500  0.70711
  2.15625  0.83147
  2.18750  0.92388
  2.21875  0.98079
  2.25000  1.00000
  2.28125  0.98079
  2.31250  0.92388
  2.34375  0.83147
  2.37500  0.70711
  2.40625  0.55557
  2.43750  0.38268
  2.46875  0.19509
  2.50000  0.00000
  2.53125 -0.19509
  2.56250 -0.38268
  2.59375 -0.55557
  2.62500 -0.70711
  2.65625 -0.83147
  2.68750 -0.92388
  2.71875 -0.98079
  2.75000 -1.00000
  2.78125 -0.98079
  2.81250 -0.92388
  2.84375 -0.83147
  2.87500 -0.70711
  2.90625 -0.55557
  2.93750 -0.38268
  2.96875 -0.19509
  3.00000  0.00000
  3.03125  0.19509
  3.06250  0.38268
  3.09375  0.55557
  3.12500  0.70711
  3.15625  0.83147
  3.18750  0.92388
  3.21875  0.98079
  3.25000  1.00000
  3.28125  0.98079
  3.31250  0.92388
  3.34375  0.83147
  3.37500  0.70711
  3.40625  0.55557
  3.43750  0.38268
  3.46875  0.19509
  3.50000  0.00000
  3.53125 -0.19509
  3.56250 -0.38268
  3.59375 -0.55557
  3.62500 -0.70711
  3.65625 -0.83147
  3.68750 -0.92388
  3.71875 -0.98079
  3.75000 -1.00000
  3.78125 -0.98079
  3.81250 -0.92388
  3.84375 -0.83147
  3.87500 -0.70711
  3.90625 -0.55557
  3.93750 -0.38268
  3.96875 -0.19509
  4.00000  0.00000
  4.03125  0.19509
  4.06250  0.38268
  4.09375  0.55557
  4.12500  0.70711
  4.15625  0.83147
  4.18750  0.92388
  4.21875  0.98079
  4.25000  1.00000
  4.28125  0.98079
  4.31250  0.92388
  4.34375  0.83147
  4.37500  0.70711
  4.40625  0.55557
  4.43750  0.38268
  4.46875  0.19509
  4.50000  0.00000
  4.53125 -0.19509
  4.56250 -0.38268
  4.59375 -0.55557
  4.62500 -0.70711
  4.65625 -0.83147
  4.68750 -0.92388
  4.71875 -0.98079
  4.75000 -1.00000
  4.78125 -0.98079
  4.81250 -0.92388
  4.84375 -0.83147
  4.87500 -0.70711
  4.90625 -0.55557
  4.93750 -0.38268
  4.96875 -0.19509
  5.00000  0.00000
  5.03125  0.19509
  5.06250  0.38268
  5.09375  0.55557
  5.12500  0.70711
  5.15625  0.83147
  5.18750  0.92388
  5.21875  0.98079
  5.25000  1.00000
  5.28125  0.98079
  5.31250  0.92388
  5.34375  0.83147
  5.37500  0.70711
  5.40625  0.55557
  5.43750  0.38268
  5.46875  0.19509
  5.50000  0.00000
  5.53125 -0.19509
  5.56250 -0.38268
  5.59375 -0.55557
  5.62500 -0.70711
  5.65625 -0.83147
  5.68750 -0.92388
  5.71875 -0.98079
  5.75000 -1.00000
  5.78125 -0.98079
  5.81250 -0.92388
  5.84375 -0.83147
  5.87500 -0.70711
  5.90625 -0.55557
  5.93750 -0.38268
  5.96875 -0.19509
  6.00000  0.00000
  6.03125  0.19509
  6.06250  0.38268
  6.09375  0.55557
  6.12500  0.70711
  6.15625  0.83147
  6.18750  0.92388
  6.21875  0.98079
  6.25000  1.00000
  6.28125  0.98079
  6.31250  0.92388
  6.34375  0.83147
  6.37500  0.70711
  6.40625  0.55557
  6.43750  0.38268
  6.46875  0.19509
  6.50000  0.00000
  6.53125 -0.19509
  6.56250 -0.38268
  6.59375 -0.55557
  6.62500 -0.70711
  6.65625 -0.83147
  6.68750 -0.92388
  6.71875 -0.98079
  6.75000 -1.00000
  6.78125 -0.98079
  6.81250 -0.92388
  6.84375 -0.83147
  6.87500 -0.70711
  6.90625 -0.55557
  6.93750 -0.38268
  6.96875 -0.19509
  7.00000  0.00000
  7.03125  0.19509
  7.06250  0.38268
  7.09375  0.55557
  7.12500  0.70711
  7.15625  0.83147
  7.18750  0.92388
  7.21875  0.98079
  7.25000  1.00000
  7.28125  0.98079
  7.31250  0.92388
  7.34375  0.83147
  7.37500  0.70711
  7.40625  0.55557
  7.43750  0.38268
  7.46875  0.19509
  7.50000  0.00000
  7.53125 -0.19509
  7.56250 -0.38268
  7.59375 -0.55557
  7.62500 -0.70711
  7.65625 -0.83147
  7.68750 -0.92388
  7.71875 -0.98079
  7.75000 -1.00000
  7.78125 -0.98079
  7.81250 -0.92388
  7.84375 -0.83147
  7.87500 -0.70711
  7.90625 -0.55557
  7.93750 -0.38268
  7.96875 -0.19509
  8.00000  0.00000
  8.03125  0.19509
  8.06250  0.38268
  8.09375  0.55557
  8.12500  0.70711
  8.15625  0.83147
  8.18750  0.92388
  8.21875  0.98079
  8.25000  1.00000
  8.28125  0.98079
  8.31250  0.92388
  8.34375  0.83147
  8.37500  0.70711
  8.40625  0.55557
  8.43750  0.38268
  8.46875  0.19509
  8.50000  0.00000
  8.53125 -0.19509
  8.56250 -0.38268
  8.59375 -0.55557
  8.62500 -0.70711
  8.65625 -0.83147
  8.68750 -0.92388
  8.71875 -0.98079
  8.75000 -1.00000
  8.78125 -0.98078
  8.81250 -0.92388
  8.84375 -0.83147
  8.87500 -0.70711
  8.90625 -0.55557
  8.93750 -0.38268
  8.96875 -0.19509
  9.00000  0.00000
  9.03125  0.19509
  9.06250  0.38268
  9.09375  0.55557
  9.12500  0.70711
  9.15625  0.83147
  9.18750  0.92388
  9.21875  0.98079
  9.25000  1.00000
  9.28125  0.98078
  9.31250  0.92388
  9.34375  0.83147
  9.37500  0.70711
  9.40625  0.55557
  9.43750  0.38268
  9.46875  0.19509
  9.50000  0.00000
  9.53125 -0.19509
  9.56250 -0.38268
  9.59375 -0.55557
  9.62500 -0.70711
  9.65625 -0.83147
  9.68750 -0.92388
  9.71875 -0.98079
  9.75000 -1.00000
  9.78125 -0.98078
  9.81250 -0.92388
  9.84375 -0.83147
  9.87500 -0.70711
  9.90625 -0.55557
  9.93750 -0.38268
  9.96875 -0.19509
 10.00000  0.00000
 10.03125  0.19509
 10.06250  0.38269
 10.09375  0.55557
 10.12500  0.70711
 10.15625  0.83147
 10.18750  0.92388
 10.21875  0.98079
 10.25000  1.00000
 10.28125  0.98078
 10.31250  0.92388
 10.34375  0.83147
 10.37500  0.70711
 10.40625  0.55557
 10.43750  0.38268
 10.46875  0.19509
 10.50000  0.00000
 10.53125 -0.19509
 10.56250 -0.38269
 10.59375 -0.55557
 10.62500 -0.70711
 10.65625 -0.83147
 10.68750 -0.92388
 10.71875 -0.98079
 10.75000 -1.00000
 10.78125 -0.98078
 10.81250 -0.92388
 10.84375 -0.83147
 10.87500 -0.70711
 10.90625 -0.55557
 10.93750 -0.38268
 10.96875 -0.19509
 11.00000  0.00000
 11.03125  0.19509
 11.06250  0.38269
 11.09375  0.55557
 11.12500  0.70711
 11.15625  0.83147
 11.18750  0.92388
 11.21875  0.98079
 11.25000  1.00000
 11.28125  0.98078
 11.31250  0.92388
 11.34375  0.83147
 11.37500  0.70711
 11.40625  0.55557
 11.43750  0.38268
 11.46875  0.19509
 11.50000  0.00000
 11.53125 -0.19509
 11.56250 -0.38269
 11.59375 -0.55557
 11.62500 -0.70711
 11.65625 -0.83147
 11.68750 -0.92388
 11.71875 -0.98079
 11.75000 -1.00000
 11.78125 -0.98078
 11.81250 -0.92388
 11.84375 -0.83147
 11.87500 -0.70711
 11.90625 -0.55557
 11.93750 -0.38268
 11.96875 -0.19509
 12.00000  0.00000
 12.03125  0.19509
 12.06250  0.38269
 12.09375  0.55557
 12.12500  0.70711
 12.15625  0.83147
 12.18750  0.92388
 12.21875  0.98079
 12.25000  1.00000
 12.28125  0.98078
 12.31250  0.92388
 12.34375  0.83147
 12.37500  0.70711
 12.40625  0.55557
 12.43750  0.38268
 12.46875  0.19509
 12.50000  0.00000
 12.53125 -0.19509
 12.56250 -0.38269
 12.59375 -0.55557
 12.62500 -0.70711
 12.65625 -0.83147
 12.68750 -0.92388
 12.71875 -0.98079
 12.75000 -1.00000
 12.78125 -0.98078
 12.81250 -0.92388
 12.84375 -0.83147
 12.87500 -0.70711
 12.90625 -0.55557
 12.93750 -0.38268
 12.96875 -0.19509
 13.00000  0.00000
 13.03125  0.19509
 13.06250  0.38269
 13.09375  0.55557
 13.12500  0.70711
 13.15625  0.83147
 13.18750  0.92388
 13.21875  0.98079
 13.25000  1.00000
 13.28125  0.98078
 13.31250  0.92388
 13.34375  0.83147
 13.37500  0.70711
 13.40625  0.55557
 13.43750  0.38268
 13.46875  0.19509
 13.50000  0.00000
 13.53125 -0.19509
 13.56250 -0.38269
 13.59375 -0.55557
 13.62500 -0.70711
 13.65625 -0.83147
 13.68750 -0.92388
 13.71875 -0.98079
 13.75000 -1.00000
 13.78125 -0.98078
 13.81250 -0.92388
 13.84375 -0.83147
 13.87500 -0.70711
 13.90625 -0.55557
 13.93750 -0.38268
 13.96875 -0.19509
 14.00000  0.00000
 14.03125  0.19509
 14.06250  0.38269
 14.09375  0.55557
 14.12500  0.70711
 14.15625  0.83147
 14.18750  0.92388
 14.21875  0.98079
 14.25000  1.00000
 14.28125  0.98078
 14.31250  0.92388
 14.34375  0.83147
 14.37500  0.70710
 14.40625  0.55557
 14.43750  0.38268
 14.46875  0.19509
 14.50000  0.00000
 14.53125 -0.19509
 14.56250 -0.38269
 14.59375 -0.55557
 14.62500 -0.70711
 14.65625 -0.83147
 14.68750 -0.92388
 14.71875 -0.98079
 14.75000 -1.00000
 14.78125 -0.98078
 14.81250 -0.92388
 14.84375 -0.83147
 14.87500 -0.70710
 14.90625 -0.55557
 14.93750 -0.38268
 14.96875 -0.19509
 15.00000  0.00000
 15.03125  0.19509
 15.06250  0.38269
 15.09375  0.55557
 15.12500  0.70711
 15.15625  0.83147
 15.18750  0.92388
 15.21875  0.98079
 15.25000  1.00000
 15.28125  0.98078
 15.31250  0.92388
 15.34375  0.83147
 15.37500  0.70710
 15.40625  0.55557
 15.43750  0.38268
 15.46875  0.19509
 15.50000  0.00000
 15.53125 -0.19509
 15.56250 -0.38269
 15.59375 -0.55557
 15.62500 -0.70711
 15.65625 -0.83147
 15.68750 -0.92388
 15.71875 -0.98079
 15.75000 -1.00000
 15.78125 -0.98078
 15.81250 -0.92388
 15.84375 -0.83147
 15.87500 -0.70710
 15.90625 -0.55557
 15.93750 -0.38268
 15.96875 -0.19509
 16.00000  0.00000
 16.03125  0.00000
 16.06250  0.00000
 16.09375  0.00000
 16.12500  0.00000
 16.15625  0.00000
 16.18750  0.00000
 16.21875  0.00000
 16.25000  0.00000
 16.28125  0.00000
 16.31250  0.00000
 16.34375  0.00000
 16.37500  0.00000
 16.40625  0.00000
 16.43750  0.00000
 16.46875  0.00000
 16.50000  0.00000
 16.53125  0.00000
 16.56250  0.00000
 16.59375  0.00000
 16.62500  0.00000
 16.65625  0.00000
 16.68750  0.00000
 16.71875  0.00000
 16.75000  0.00000
 16.78125  0.00000
 16.81250  0.00000
 16.84375  0.00000
 16.87500  0.00000
 16.90625  0.00000
 16.93750  0.00000
 16.96875  0.00000
 17.00000  0.00000
 17.03125  0.00000
 17.06250  0.00000
 17.09375  0.00000
 17.12500  0.00000
 17.15625  0.00000
 17.18750  0.00000
 17.21875  0.00000
 17.25000  0.00000
 17.28125  0.00000
 17.31250  0.00000
 17.34375  0.00000
 17.37500  0.00000
 17.40625  0.00000
 17.43750  0.00000
 17.46875  0.00000
 17.50000  0.00000
 17.53125  0.00000
 17.56250  0.00000
 17.59375  0.00000
 17.62500  0.00000
 17.65625  0.00000
 17.68750  0.00000
 17.71875  0.00000
 17.75000  0.00000
 17.78125  0.00000
 17.81250  0.00000
 17.84375  0.00000
 17.87500  0.00000
 17.90625  0.00000
 17.93750  0.00000
 17.96875  0.00000
 18.00000  0.00000
 18.03125  0.00000
 18.06250  0.00000
 18.09375  0.00000
 18.12500  0.00000
 18.15625  0.00000
 18.18750  0.00000
 18.21875  0.00000
 18.25000  0.00000
 18.28125  0.00000
 18.31250  0.00000
 18.34375  0.00000
 18.37500  0.00000
 18.40625  0.00000
 18.43750  0.00000
 18.46875  0.00000
 18.50000  0.00000
 18.53125  0.00000
 18.56250  0.00000
 18.59375  0.00000
 18.62500  0.00000
 18.65625  0.00000
 18.68750  0.00000
 18.71875  0.00000
 18.75000  0.00000
 18.78125  0.00000
 18.81250  0.00000
 18.84375  0.00000
 18.87500  0.00000
 18.90625  0.00000
 18.93750  0.00000
 18.96875  0.00000
 19.00000  0.00000
 19.03125  0.00000
 19.06250  0.00000
 19.09375  0.00000
 19.12500  0.00000
 19.15625  0.00000
 19.18750  0.00000
 19.21875  0.00000
 19.25000  0.00000
 19.28125  0.00000
 19.31250  0.00000
 19.34375  0.00000
 19.37500  0.00000
 19.40625  0.00000
 19.43750  0.00000
 19.46875  0.00000
 19.50000  0.00000
 19.53125  0.00000
 19.56250  0.00000
 19.59375  0.00000
 19.62500  0.00000
 19.65625  0.00000
 19.68750  0.00000
 19.71875  0.00000
 19.75000  0.00000
 19.78125  0.00000
 19.81250  0.00000
 19.84375  0.00000
 19.87500  0.00000
 19.90625  0.00000
 19.93750  0.00000
 19.96875  0.00000
 20.00000  0.00000
 20.03125  0.00000
 20.06250  0.00000
 20.09375  0.00000
 20.12500  0.00000
 20.15625  0.00000
 20.18750  0.00000
 20.21875  0.00000
 20.25000  0.00000
 20.28125  0.00000
 20.31250  0.00000
 20.34375  0.00000
 20.37500  0.00000
 20.40625  0.00000
 20.43750  0.00000
 20.46875  0.00000
 20.50000  0.00000
 20.53125  0.00000
 20.56250  0.00000
 20.59375  0.00000
 20.62500  0.00000
 20.65625  0.00000
 20.68750  0.00000
 20.71875  0.00000
 20.75000  0.00000
 20.78125  0.00000
 20.81250  0.00000
 20.84375  0.00000
 20.87500  0.00000
 20.90625  0.00000
 20.93750  0.00000
 20.96875  0.00000
 21.00000  0.00000
 21.03125  0.00000
 21.06250  0.00000
 21.09375  0.00000
 21.12500  0.00000
 21.15625  0.00000
 21.18750  0.00000
 21.21875  0.00000
 21.25000  0.00000
 21.28125  0.00000
 21.31250  0.00000
 21.34375  0.00000
 21.37500  0.00000
 21.40625  0.00000
 21.43750  0.00000
 21.46875  0.00000
 21.50000  0.00000
 21.53125  0.00000
 21.56250  0.00000
 21.59375  0.00000
 21.62500  0.00000
 21.65625  0.00000
 21.68750  0.00000
 21.71875  0.00000
 21.75000  0.00000
 21.78125  0.00000
 21.81250  0.00000
 21.84375  0.00000
 21.87500  0.00000
 21.90625  0.00000
 21.93750  0.00000
 21.96875  0.00000
 22.00000  0.00000
 22.03125  0.00000
 22.06250  0.00000
 22.09375  0.00000
 22.12500  0.00000
 22.15625  0.00000
 22.18750  0.00000
 22.21875  0.00000
 22.25000  0.00000
 22.28125  0.00000
 22.31250  0.00000
 22.34375  0.00000
 22.37500  0.00000
 22.40625  0.00000
 22.43750  0.00000
 22.46875  0.00000
 22.50000  0.00000
 22.53125  0.00000
 22.56250  0.00000
 22.59375  0.00000
 22.62500  0.00000
 22.65625  0.00000
 22.68750  0.00000
 22.71875  0.00000
 22.75000  0.00000
 22.78125  0.00000
 22.81250  0.00000
 22.84375  0.00000
 22.87500  0.00000
 22.90625  0.00000
 22.93750  0.00000
 22.96875  0.00000
 23.00000  0.00000
 23.03125  0.00000
 23.06250  0.00000
 23.09375  0.00000
 23.12500  0.00000
 23.15625  0.00000
 23.18750  0.00000
 23.21875  0.00000
 23.25000  0.00000
 23.28125  0.00000
 23.31250  0.00000
 23.34375  0.00000
 23.37500  0.00000
 23.40625  0.00000
 23.43750  0.00000
 23.46875  0.00000
 23.50000  0.00000
 23.53125  0.00000
 23.56250  0.00000
 23.59375  0.00000
 23.62500  0.00000
 23.65625  0.00000
 23.68750  0.00000
 23.71875  0.00000
 23.75000  0.00000
 23.78125  0.00000
 23.81250  0.00000
 23.84375  0.00000
 23.87500  0.00000
 23.90625  0.00000
 23.93750  0.00000
 23.96875  0.00000
 24.00000  0.00000
 24.03125  0.00000
 24.06250  0.00000
 24.09375  0.00000
 24.12500  0.00000
 24.15625  0.00000
 24.18750  0.00000
 24.21875  0.00000
 24.25000  0.00000
 24.28125  0.00000
 24.31250  0.00000
 24.34375  0.00000
 24.37500  0.00000
 24.40625  0.00000
 24.43750  0.00000
 24.46875  0.00000
 24.50000  0.00000
 24.53125  0.00000
 24.56250  0.00000
 24.59375  0.00000
 24.62500  0.00000
 24.65625  0.00000
 24.68750  0.00000
 24.71875  0.00000
 24.75000  0.00000
 24.78125  0.00000
 24.81250  0.00000
 24.84375  0.00000
 24.87500  0.00000
 24.90625  0.00000
 24.93750  0.00000
 24.96875  0.00000
 25.00000  0.00000
 25.03125  0.00000
 25.06250  0.00000
 25.09375  0.00000
 25.12500  0.00000
 25.15625  0.00000
 25.18750  0.00000
 25.21875  0.00000
 25.25000  0.00000
 25.28125  0.00000
 25.31250  0.00000
 25.34375  0.00000
 25.37500  0.00000
 25.40625  0.00000
 25.43750  0.00000
 25.46875  0.00000
 25.50000  0.00000
 25.53125  0.00000
 25.56250  0.00000
 25.59375  0.00000
 25.62500  0.00000
 25.65625  0.00000
 25.68750  0.00000
 25.71875  0.00000
 25.75000  0.00000
 25.78125  0.00000
 25.81250  0.00000
 25.84375  0.00000
 25.87500  0.00000
 25.90625  0.00000
 25.93750  0.00000
 25.96875  0.00000
 26.00000  0.00000
 26.03125  0.00000
 26.06250  0.00000
 26.09375  0.00000
 26.12500  0.00000
 26.15625  0.00000
 26.18750  0.00000
 26.21875  0.00000
 26.25000  0.00000
 26.28125  0.00000
 26.31250  0.00000
 26.34375  0.00000
 26.37500  0.00000
 26.40625  0.00000
 26.43750  0.00000
 26.46875  0.00000
 26.50000  0.00000
 26.53125  0.00000
 26.56250  0.00000
 26.59375  0.00000
 26.62500  0.00000
 26.65625  0.00000
 26.68750  0.00000
 26.71875  0.00000
 26.75000  0.00000
 26.78125  0.00000
 26.81250  0.00000
 26.84375  0.00000
 26.87500  0.00000
 26.90625  0.00000
 26.93750  0.00000
 26.96875  0.00000
 27.00000  0.00000
 27.03125  0.00000
 27.06250  0.00000
 27.09375  0.00000
 27.12500  0.00000
 27.15625  0.00000
 27.18750  0.00000
 27.21875  0.00000
 27.25000  0.00000
 27.28125  0.00000
 27.31250  0.00000
 27.34375  0.00000
 27.37500  0.00000
 27.40625  0.00000
 27.43750  0.00000
 27.46875  0.00000
 27.50000  0.00000
 27.53125  0.00000
 27.56250  0.00000
 27.59375  0.00000
 27.62500  0.00000
 27.65625  0.00000
 27.68750  0.00000
 27.71875  0.00000
 27.75000  0.00000
 27.78125  0.00000
 27.81250  0.00000
 27.84375  0.00000
 27.87500  0.00000
 27.90625  0.00000
 27.93750  0.00000
 27.96875  0.00000
 28.00000  0.00000
 28.03125  0.00000
 28.06250  0.00000
 28.09375  0.00000
 28.12500  0.00000
 28.15625  0.00000
 28.18750  0.00000
 28.21875  0.00000
 28.25000  0.00000
 28.28125  0.00000
 28.31250  0.00000
 28.34375  0.00000
 28.37500  0.00000
 28.40625  0.00000
 28.43750  0.00000
 28.46875  0.00000
 28.50000  0.00000
 28.53125  0.00000
 28.56250  0.00000
 28.59375  0.00000
 28.62500  0.00000
 28.65625  0.00000
 28.68750  0.00000
 28.71875  0.00000
 28.75000  0.00000
 28.78125  0.00000
 28.81250  0.00000
 28.84375  0.00000
 28.87500  0.00000
 28.90625  0.00000
 28.93750  0.00000
 28.96875  0.00000
 29.00000  0.00000
 29.03125  0.00000
 29.06250  0.00000
 29.09375  0.00000
 29.12500  0.00000
 29.15625  0.00000
 29.18750  0.00000
 29.21875  0.00000
 29.25000  0.00000
 29.28125  0.00000
 29.31250  0.00000
 29.34375  0.00000
 29.37500  0.00000
 29.40625  0.00000
 29.43750  0.00000
 29.46875  0.00000
 29.50000  0.00000
 29.53125  0.00000
 29.56250  0.00000
 29.59375  0.00000
 29.62500  0.00000
 29.65625  0.00000
 29.68750  0.00000
 29.71875  0.00000
 29.75000  0.00000
 29.78125  0.00000
 29.81250  0.00000
 29.84375  0.00000
 29.87500  0.00000
 29.90625  0.00000
 29.93750  0.00000
 29.96875  0.00000
 30.00000  0.00000
 30.03125  0.00000
 30.06250  0.00000
 30.09375  0.00000
 30.12500  0.00000
 30.15625  0.00000
 30.18750  0.00000
 30.21875  0.00000
 30.25000  0.00000
 30.28125  0.00000
 30.31250  0.00000
 30.34375  0.00000
 30.37500  0.00000
 30.40625  0.00000
 30.43750  0.00000
 30.46875  0.00000
 30.50000  0.00000
 30.53125  0.00000
 30.56250  0.00000
 30.59375  0.00000
 30.62500  0.00000
 30.65625  0.00000
 30.68750  0.00000
 30.71875  0.00000
 30.75000  0.00000
 30.78125  0.00000
 30.81250  0.00000
 30.84375  0.00000
 30.87500  0.00000
 30.90625  0.00000
 30.93750  0.00000
 30.96875  0.00000
 31.00000  0.00000
 31.03125  0.00000
 31.06250  0.00000
 31.09375  0.00000
 31.12500  0.00000
 31.15625  0.00000
 31.18750  0.00000
 31.21875  0.00000
 31.25000  0.00000
 31.28125  0.00000
 31.31250  0.00000
 31.34375  0.00000
 31.37500  0.00000
 31.40625  0.00000
 31.43750  0.00000
 31.46875  0.00000
 31.50000  0.00000
 31.53125  0.00000
 31.56250  0.00000
 31.59375  0.00000
 31.62500  0.00000
 31.65625  0.00000
 31.68750  0.00000
 31.71875  0.00000
 31.75000  0.00000
 31.78125  0.00000
 31.81250  0.00000
 31.84375  0.00000
 31.87500  0.00000
 31.90625  0.00000
 31.93750  0.00000
 31.96875  0.00000
 32.00000  0.00000
 32.03125  0.00000
 32.06250  0.00000
 32.09375  0.00000
 32.12500  0.00000
 32.15625  0.00000
 32.18750  0.00000
 32.21875  0.00000
 32.25000  0.00000
 32.28125  0.00000
 32.31250  0.00000
 32.34375  0.00000
 32.37500  0.00000
 32.40625  0.00000
 32.43750  0.00000
 32.46875  0.00000
 32.50000  0.00000
 32.53125  0.00000
 32.56250  0.00000
 32.59375  0.00000
 32.62500  0.00000
 32.65625  0.00000
 32.68750  0.00000
 32.71875  0.00000
 32.75000  0.00000
 32.78125  0.00000
 32.81250  0.00000
 32.84375  0.00000
 32.87500  0.00000
 32.90625  0.00000
 32.93750  0.00000
 32.96875  0.00000
 33.00000  0.00000
 33.03125  0.00000
 33.06250  0.00000
 33.09375  0.00000
 33.12500  0.00000
 33.15625  0.00000
 33.18750  0.00000
 33.21875  0.00000
 33.25000  0.00000
 33.28125  0.00000
 33.31250  0.00000
 33.34375  0.00000
 33.37500  0.00000
 33.40625  0.00000
 33.43750  0.00000
 33.46875  0.00000
 33.50000  0.00000
 33.53125  0.00000
 33.56250  0.00000
 33.59375  0.00000
 33.62500  0.00000
 33.65625  0.00000
 33.68750  0.00000
 33.71875  0.00000
 33.75000  0.00000
 33.78125  0.00000
 33.81250  0.00000
 33.84375  0.00000
 33.87500  0.00000
 33.90625  0.00000
 33.93750  0.00000
 33.96875  0.00000
 34.00000  0.00000
 34.03125  0.00000
 34.06250  0.00000
 34.09375  0.00000
 34.12500  0.00000
 34.15625  0.00000
 34.18750  0.00000
 34.21875  0.00000
 34.25000  0.00000
 34.28125  0.00000
 34.31250  0.00000
 34.34375  0.00000
 34.37500  0.00000
 34.40625  0.00000
 34.43750  0.00000
 34.46875  0.00000
 34.50000  0.00000
 34.53125  0.00000
 34.56250  0.00000
 34.59375  0.00000
 34.62500  0.00000
 34.65625  0.00000
 34.68750  0.00000
 34.71875  0.00000
 34.75000  0.00000
 34.78125  0.00000
 34.81250  0.00000
 34.84375  0.00000
 34.87500  0.00000
 34.90625  0.00000
 34.93750  0.00000
 34.96875  0.00000
 35.00000  0.00000
 35.03125  0.00000
 35.06250  0.00000
 35.09375  0.00000
 35.12500  0.00000
 35.15625  0.00000
 35.18750  0.00000
 35.21875  0.00000
 35.25000  0.00000
 35.28125  0.00000
 35.31250  0.00000
 35.34375  0.00000
 35.37500  0.00000
 35.40625  0.00000
 35.43750  0.00000
 35.46875  0.00000
 35.50000  0.00000
 35.53125  0.00000
 35.56250  0.00000
 35.59375  0.00000
 35.62500  0.00000
 35.65625  0.00000
 35.68750  0.00000
 35.71875  0.00000
 35.75000  0.00000
 35.78125  0.00000
 35.81250  0.00000
 35.84375  0.00000
 35.87500  0.00000
 35.90625  0.00000
 35.93750  0.00000
 35.96875  0.00000
 36.00000  0.00000
 36.03125  0.00000
 36.06250  0.00000
 36.09375  0.00000
 36.12500  0.00000
 36.15625  0.00000
 36.18750  0.00000
 36.21875  0.00000
 36.25000  0.00000
 36.28125  0.00000
 36.31250  0.00000
 36.34375  0.00000
 36.37500  0.00000
 36.40625  0.00000
 36.43750  0.00000
 36.46875  0.00000
 36.50000  0.00000
 36.53125  0.00000
 36.56250  0.00000
 36.59375  0.00000
 36.62500  0.00000
 36.65625  0.00000
 36.68750  0.00000
 36.71875  0.00000
 36.75000  0.00000
 36.78125  0.00000
 36.81250  0.00000
 36.84375  0.00000
 36.87500  0.00000
 36.90625  0.00000
 36.93750  0.00000
 36.96875  0.00000
 37.00000  0.00000
 37.03125  0.00000
 37.06250  0.00000
 37.09375  0.00000
 37.12500  0.00000
 37.15625  0.00000
 37.18750  0.00000
 37.21875  0.00000
 37.25000  0.00000
 37.28125  0.00000
 37.31250  0.00000
 37.34375  0.00000
 37.37500  0.00000
 37.40625  0.00000
 37.43750  0.00000
 37.46875  0.00000
 37.50000  0.00000
 37.53125  0.00000
 37.56250  0.00000
 37.59375  0.00000
 37.62500  0.00000
 37.65625  0.00000
 37.68750  0.00000
 37.71875  0.00000
 37.75000  0.00000
 37.78125  0.00000
 37.81250  0.00000
 37.84375  0.00000
 37.87500  0.00000
 37.90625  0.00000
 37.93750  0.00000
 37.96875  0.00000
 38.00000  0.00000
 38.03125  0.00000
 38.06250  0.00000
 38.09375  0.00000
 38.12500  0.00000
 38.15625  0.00000
 38.18750  0.00000
 38.21875  0.00000
 38.25000  0.00000
 38.28125  0.00000
 38.31250  0.00000
 38.34375  0.00000
 38.37500  0.00000
 38.40625  0.00000
 38.43750  0.00000
 38.46875  0.00000
 38.50000  0.00000
 38.53125  0.00000
 38.56250  0.00000
 38.59375  0.00000
 38.62500  0.00000
 38.65625  0.00000
 38.68750  0.00000
 38.71875  0.00000
 38.75000  0.00000
 38.78125  0.00000
 38.81250  0.00000
 38.84375  0.00000
 38.87500  0.00000
 38.90625  0.00000
 38.93750  0.00000
 38.96875  0.00000
 39.00000  0.00000
 39.03125  0.00000
 39.06250  0.00000
 39.09375  0.00000
 39.12500  0.00000
 39.15625  0.00000
 39.18750  0.00000
 39.21875  0.00000
 39.25000  0.00000
 39.28125  0.00000
 39.31250  0.00000
 39.34375  0.00000
 39.37500  0.00000
 39.40625  0.00000
 39.43750  0.00000
 39.46875  0.00000
 39.50000  0.00000
 39.53125  0.00000
 39.56250  0.00000
 39.59375  0.00000
 39.62500  0.00000
 39.65625  0.00000
 39.68750  0.00000
 39.71875  0.00000
 39.75000  0.00000
 39.78125  0.00000
 39.81250  0.00000
 39.84375  0.00000
 39.87500  0.00000
 39.90625  0.00000
 39.93750  0.00000
 39.96875  0.00000
 40.00000  0.00000
 40.03125  0.00000
 40.06250  0.00000
 40.09375  0.00000
 40.12500  0.00000
 40.15625  0.00000
 40.18750  0.00000
 40.21875  0.00000
 40.25000  0.00000
 40.28125  0.00000
 40.31250  0.00000
 40.34375  0.00000
 40.37500  0.00000
 40.40625  0.00000
 40.43750  0.00000
 40.46875  0.00000
 40.50000  0.00000
 40.53125  0.00000
 40.56250  0.00000
 40.59375  0.00000
 40.62500  0.00000
 40.65625  0.00000
 40.68750  0.00000
 40.71875  0.00000
 40.75000  0.00000
 40.78125  0.00000
 40.81250  0.00000
 40.84375  0.00000
 40.87500  0.00000
 40.90625  0.00000
 40.93750  0.00000
 40.96875  0.00000
 41.00000  0.00000
 41.03125  0.00000
 41.06250  0.00000
 41.09375  0.00000
 41.12500  0.00000
 41.15625  0.00000
 41.18750  0.00000
 41.21875  0.00000
 41.25000  0.00000
 41.28125  0.00000
 41.31250  0.00000
 41.34375  0.00000
 41.37500  0.00000
 41.40625  0.00000
 41.43750  0.00000
 41.46875  0.00000
 41.50000  0.00000
 41.53125  0.00000
 41.56250  0.00000
 41.59375  0.00000
 41.62500  0.00000
 41.65625  0.00000
 41.68750  0.00000
 41.71875  0.00000
 41.75000  0.00000
 41.78125  0.00000
 41.81250  0.00000
 41.84375  0.00000
 41.87500  0.00000
 41.90625  0.00000
 41.93750  0.00000
 41.96875  0.00000
 42.00000  0.00000
 42.03125  0.00000
 42.06250  0.00000
 42.09375  0.00000
 42.12500  0.00000
 42.15625  0.00000
 42.18750  0.00000
 42.21875  0.00000
 42.25000  0.00000
 42.28125  0.00000
 42.31250  0.00000
 42.34375  0.00000
 42.37500  0.00000
 42.40625  0.00000
 42.43750  0.00000
 42.46875  0.00000
 42.50000  0.00000
 42.53125  0.00000
 42.56250  0.00000
 42.59375  0.00000
 42.62500  0.00000
 42.65625  0.00000
 42.68750  0.00000
 42.71875  0.00000
 42.75000  0.00000
 42.78125  0.00000
 42.81250  0.00000
 42.84375  0.00000
 42.87500  0.00000
 42.90625  0.00000
 42.93750  0.00000
 42.96875  0.00000
 43.00000  0.00000
 43.03125  0.00000
 43.06250  0.00000
 43.09375  0.00000
 43.12500  0.00000
 43.15625  0.00000
 43.18750  0.00000
 43.21875  0.00000
 43.25000  0.00000
 43.28125  0.00000
 43.31250  0.00000
 43.34375  0.00000
 43.37500  0.00000
 43.40625  0.00000
 43.43750  0.00000
 43.46875  0.00000
 43.50000  0.00000
 43.53125  0.00000
 43.56250  0.00000
 43.59375  0.00000
 43.62500  0.00000
 43.65625  0.00000
 43.68750  0.00000
 43.71875  0.00000
 43.75000  0.00000
 43.78125  0.00000
 43.81250  0.00000
 43.84375  0.00000
 43.87500  0.00000
 43.90625  0.00000
 43.93750  0.00000
 43.96875  0.00000
 44.00000  0.00000
 44.03125  0.00000
 44.06250  0.00000
 44.09375  0.00000
 44.12500  0.00000
 44.15625  0.00000
 44.18750  0.00000
 44.21875  0.00000
 44.25000  0.00000
 44.28125  0.00000
 44.31250  0.00000
 44.34375  0.00000
 44.37500  0.00000
 44.40625  0.00000
 44.43750  0.00000
 44.46875  0.00000
 44.50000  0.00000
 44.53125  0.00000
 44.56250  0.00000
 44.59375  0.00000
 44.62500  0.00000
 44.65625  0.00000
 44.68750  0.00000
 44.71875  0.00000
 44.75000  0.00000
 44.78125  0.00000
 44.81250  0.00000
 44.84375  0.00000
 44.87500  0.00000
 44.90625  0.00000
 44.93750  0.00000
 44.96875  0.00000
 45.00000  0.00000
 45.03125  0.00000
 45.06250  0.00000
 45.09375  0.00000
 45.12500  0.00000
 45.15625  0.00000
 45.18750  0.00000
 45.21875  0.00000
 45.25000  0.00000
 45.28125  0.00000
 45.31250  0.00000
 45.34375  0.00000
 45.37500  0.00000
 45.40625  0.00000
 45.43750  0.00000
 45.46875  0.00000
 45.50000  0.00000
 45.53125  0.00000
 45.56250  0.00000
 45.59375  0.00000
 45.62500  0.00000
 45.65625  0.00000
 45.68750  0.00000
 45.71875  0.00000
 45.75000  0.00000
 45.78125  0.00000
 45.81250  0.00000
 45.84375  0.00000
 45.87500  0.00000
 45.90625  0.00000
 45.93750  0.00000
 45.96875  0.00000
 46.00000  0.00000
 46.03125  0.00000
 46.06250  0.00000
 46.09375  0.00000
 46.12500  0.00000
 46.15625  0.00000
 46.18750  0.00000
 46.21875  0.00000
 46.25000  0.00000
 46.28125  0.00000
 46.31250  0.00000
 46.34375  0.00000
 46.37500  0.00000
 46.40625  0.00000
 46.43750  0.00000
 46.46875  0.00000
 46.50000  0.00000
 46.53125  0.00000
 46.56250  0.00000
 46.59375  0.00000
 46.62500  0.00000
 46.65625  0.00000
 46.68750  0.00000
 46.71875  0.00000
 46.75000  0.00000
 46.78125  0.00000
 46.81250  0.00000
 46.84375  0.00000
 46.87500  0.00000
 46.90625  0.00000
 46.93750  0.00000
 46.96875  0.00000
 47.00000  0.00000
 47.03125  0.00000
 47.06250  0.00000
 47.09375  0.00000
 47.12500  0.00000
 47.15625  0.00000
 47.18750  0.00000
 47.21875  0.00000
 47.25000  0.00000
 47.28125  0.00000
 47.31250  0.00000
 47.34375  0.00000
 47.37500  0.00000
 47.40625  0.00000
 47.43750  0.00000
 47.46875  0.00000
 47.50000  0.00000
 47.53125  0.00000
 47.56250  0.00000
 47.59375  0.00000
 47.62500  0.00000
 47.65625  0.00000
 47.68750  0.00000
 47.71875  0.00000
 47.75000  0.00000
 47.78125  0.00000
 47.81250  0.00000
 47.84375  0.00000
 47.87500  0.00000
 47.90625  0.00000
 47.93750  0.00000
 47.96875  0.00000
 48.00000  0.00000
 48.03125  0.00000
 48.06250  0.00000
 48.09375  0.00000
 48.12500  0.00000
 48.15625  0.00000
 48.18750  0.00000
 48.21875  0.00000
 48.25000  0.00000
 48.28125  0.00000
 48.31250  0.00000
 48.34375  0.00000
 48.37500  0.00000
 48.40625  0.00000
 48.43750  0.00000
 48.46875  0.00000
 48.50000  0.00000
 48.53125  0.00000
 48.56250  0.00000
 48.59375  0.00000
 48.62500  0.00000
 48.65625  0.00000
 48.68750  0.00000
 48.71875  0.00000
 48.75000  0.00000
 48.78125  0.00000
 48.81250  0.00000
 48.84375  0.00000
 48.87500  0.00000
 48.90625  0.00000
 48.93750  0.00000
 48.96875  0.00000
 49.00000  0.00000
 49.03125  0.00000
 49.06250  0.00000
 49.09375  0.00000
 49.12500  0.00000
 49.15625  0.00000
 49.18750  0.00000
 49.21875  0.00000
 49.25000  0.00000
 49.28125  0.00000
 49.31250  0.00000
 49.34375  0.00000
 49.37500  0.00000
 49.40625  0.00000
 49.43750  0.00000
 49.46875  0.00000
 49.50000  0.00000
 49.53125  0.00000
 49.56250  0.00000
 49.59375  0.00000
 49.62500  0.00000
 49.65625  0.00000
 49.68750  0.00000
 49.71875  0.00000
 49.75000  0.00000
 49.78125  0.00000
 49.81250  0.00000
 49.84375  0.00000
 49.87500  0.00000
 49.90625  0.00000
 49.93750  0.00000
 49.96875  0.00000
 50.00000  0.00000
 50.03125  0.00000
 50.06250  0.00000
 50.09375  0.00000
 50.12500  0.00000
 50.15625  0.00000
 50.18750  0.00000
 50.21875  0.00000
 50.25000  0.00000
 50.28125  0.00000
 50.31250  0.00000
 50.34375  0.00000
 50.37500  0.00000
 50.40625  0.00000
 50.43750  0.00000
 50.46875  0.00000
 50.50000  0.00000
 50.53125  0.00000
 50.56250  0.00000
 50.59375  0.00000
 50.62500  0.00000
 50.65625  0.00000
 50.68750  0.00000
 50.71875  0.00000
 50.75000  0.00000
 50.78125  0.00000
 50.81250  0.00000
 50.84375  0.00000
 50.87500  0.00000
 50.90625  0.00000
 50.93750  0.00000
 50.96875  0.00000
 51.00000  0.00000
 51.03125  0.00000
 51.06250  0.00000
 51.09375  0.00000
 51.12500  0.00000
 51.15625  0.00000
 51.18750  0.00000
 51.21875  0.00000
 51.25000  0.00000
 51.28125  0.00000
 51.31250  0.00000
 51.34375  0.00000
 51.37500  0.00000
 51.40625  0.00000
 51.43750  0.00000
 51.46875  0.00000
 51.50000  0.00000
 51.53125  0.00000
 51.56250  0.00000
 51.59375  0.00000
 51.62500  0.00000
 51.65625  0.00000
 51.68750  0.00000
 51.71875  0.00000
 51.75000  0.00000
 51.78125  0.00000
 51.81250  0.00000
 51.84375  0.00000
 51.87500  0.00000
 51.90625  0.00000
 51.93750  0.00000
 51.96875  0.00000
 52.00000  0.00000
 52.03125  0.00000
 52.06250  0.00000
 52.09375  0.00000
 52.12500  0.00000
 52.15625  0.00000
 52.18750  0.00000
 52.21875  0.00000
 52.25000  0.00000
 52.28125  0.00000
 52.31250  0.00000
 52.34375  0.00000
 52.37500  0.00000
 52.40625  0.00000
 52.43750  0.00000
 52.46875  0.00000
 52.50000  0.00000
 52.53125  0.00000
 52.56250  0.00000
 52.59375  0.00000
 52.62500  0.00000
 52.65625  0.00000
 52.68750  0.00000
 52.71875  0.00000
 52.75000  0.00000
 52.78125  0.00000
 52.81250  0.00000
 52.84375  0.00000
 52.87500  0.00000
 52.90625  0.00000
 52.93750  0.00000
 52.96875  0.00000
 53.00000  0.00000
 53.03125  0.00000
 53.06250  0.00000
 53.09375  0.00000
 53.12500  0.00000
 53.15625  0.00000
 53.18750  0.00000
 53.21875  0.00000
 53.25000  0.00000
 53.28125  0.00000
 53.31250  0.00000
 53.34375  0.00000
 53.37500  0.00000
 53.40625  0.00000
 53.43750  0.00000
 53.46875  0.00000
 53.50000  0.00000
 53.53125  0.00000
 53.56250  0.00000
 53.59375  0.00000
 53.62500  0.00000
 53.65625  0.00000
 53.68750  0.00000
 53.71875  0.00000
 53.75000  0.00000
 53.78125  0.00000
 53.81250  0.00000
 53.84375  0.00000
 53.87500  0.00000
 53.90625  0.00000
 53.93750  0.00000
 53.96875  0.00000
 54.00000  0.00000
 54.03125  0.00000
 54.06250  0.00000
 54.09375  0.00000
 54.12500  0.00000
 54.15625  0.00000
 54.18750  0.00000
 54.21875  0.00000
 54.25000  0.00000
 54.28125  0.00000
 54.31250  0.00000
 54.34375  0.00000
 54.37500  0.00000
 54.40625  0.00000
 54.43750  0.00000
 54.46875  0.00000
 54.50000  0.00000
 54.53125  0.00000
 54.56250  0.00000
 54.59375  0.00000
 54.62500  0.00000
 54.65625  0.00000
 54.68750  0.00000
 54.71875  0.00000
 54.75000  0.00000
 54.78125  0.00000
 54.81250  0.00000
 54.84375  0.00000
 54.87500  0.00000
 54.90625  0.00000
 54.93750  0.00000
 54.96875  0.00000
 55.00000  0.00000
 55.03125  0.00000
 55.06250  0.00000
 55.09375  0.00000
 55.12500  0.00000
 55.15625  0.00000
 55.18750  0.00000
 55.21875  0.00000
 55.25000  0.00000
 55.28125  0.00000
 55.31250  0.00000
 55.34375  0.00000
 55.37500  0.00000
 55.40625  0.00000
 55.43750  0.00000
 55.46875  0.00000
 55.50000  0.00000
 55.53125  0.00000
 55.56250  0.00000
 55.59375  0.00000
 55.62500  0.00000
 55.65625  0.00000
 55.68750  0.00000
 55.71875  0.00000
 55.75000  0.00000
 55.78125  0.00000
 55.81250  0.00000
 55.84375  0.00000
 55.87500  0.00000
 55.90625  0.00000
 55.93750  0.00000
 55.96875  0.00000
 56.00000  0.00000
 56.03125  0.00000
 56.06250  0.00000
 56.09375  0.00000
 56.12500  0.00000
 56.15625  0.00000
 56.18750  0.00000
 56.21875  0.00000
 56.25000  0.00000
 56.28125  0.00000
 56.31250  0.00000
 56.34375  0.00000
 56.37500  0.00000
 56.40625  0.00000
 56.43750  0.00000
 56.46875  0.00000
 56.50000  0.00000
 56.53125  0.00000
 56.56250  0.00000
 56.59375  0.00000
 56.62500  0.00000
 56.65625  0.00000
 56.68750  0.00000
 56.71875  0.00000
 56.75000  0.00000
 56.78125  0.00000
 56.81250  0.00000
 56.84375  0.00000
 56.87500  0.00000
 56.90625  0.00000
 56.93750  0.00000
 56.96875  0.00000
 57.00000  0.00000
 57.03125  0.00000
 57.06250  0.00000
 57.09375  0.00000
 57.12500  0.00000
 57.15625  0.00000
 57.18750  0.00000
 57.21875  0.00000
 57.25000  0.00000
 57.28125  0.00000
 57.31250  0.00000
 57.34375  0.00000
 57.37500  0.00000
 57.40625  0.00000
 57.43750  0.00000
 57.46875  0.00000
 57.50000  0.00000
 57.53125  0.00000
 57.56250  0.00000
 57.59375  0.00000
 57.62500  0.00000
 57.65625  0.00000
 57.68750  0.00000
 57.71875  0.00000
 57.75000  0.00000
 57.78125  0.00000
 57.81250  0.00000
 57.84375  0.00000
 57.87500  0.00000
 57.90625  0.00000
 57.93750  0.00000
 57.96875  0.00000
 58.00000  0.00000
 58.03125  0.00000
 58.06250  0.00000
 58.09375  0.00000
 58.12500  0.00000
 58.15625  0.00000
 58.18750  0.00000
 58.21875  0.00000
 58.25000  0.00000
 58.28125  0.00000
 58.31250  0.00000
 58.34375  0.00000
 58.37500  0.00000
 58.40625  0.00000
 58.43750  0.00000
 58.46875  0.00000
 58.50000  0.00000
 58.53125  0.00000
 58.56250  0.00000
 58.59375  0.00000
 58.62500  0.00000
 58.65625  0.00000
 58.68750  0.00000
 58.71875  0.00000
 58.75000  0.00000
 58.78125  0.00000
 58.81250  0.00000
 58.84375  0.00000
 58.87500  0.00000
 58.90625  0.00000
 58.93750  0.00000
 58.96875  0.00000
 59.00000  0.00000
 59.03125  0.00000
 59.06250  0.00000
 59.09375  0.00000
 59.12500  0.00000
 59.15625  0.00000
 59.18750  0.00000
 59.21875  0.00000
 59.25000  0.00000
 59.28125  0.00000
 59.31250  0.00000
 59.34375  0.00000
 59.37500  0.00000
 59.40625  0.00000
 59.43750  0.00000
 59.46875  0.00000
 59.50000  0.00000
 59.53125  0.00000
 59.56250  0.00000
 59.59375  0.00000
 59.62500  0.00000
 59.65625  0.00000
 59.68750  0.00000
 59.71875  0.00000
 59.75000  0.00000
 59.78125  0.00000
 59.81250  0.00000
 59.84375  0.00000
 59.87500  0.00000
 59.90625  0.00000
 59.93750  0.00000
 59.96875  0.00000
 60.00000  0.00000
 60.03125  0.00000
 60.06250  0.00000
 60.09375  0.00000
 60.12500  0.00000
 60.15625  0.00000
 60.18750  0.00000
 60.21875  0.00000
 60.25000  0.00000
 60.28125  0.00000
 60.31250  0.00000
 60.34375  0.00000
 60.37500  0.00000
 60.40625  0.00000
 60.43750  0.00000
 60.46875  0.00000
 60.50000  0.00000
 60.53125  0.00000
 60.56250  0.00000
 60.59375  0.00000
 60.62500  0.00000
 60.65625  0.00000
 60.68750  0.00000
 60.71875  0.00000
 60.75000  0.00000
 60.78125  0.00000
 60.81250  0.00000
 60.84375  0.00000
 60.87500  0.00000
 60.90625  0.00000
 60.93750  0.00000
 60.96875  0.00000
 61.00000  0.00000
 61.03125  0.00000
 61.06250  0.00000
 61.09375  0.00000
 61.12500  0.00000
 61.15625  0.00000
 61.18750  0.00000
 61.21875  0.00000
 61.25000  0.00000
 61.28125  0.00000
 61.31250  0.00000
 61.34375  0.00000
 61.37500  0.00000
 61.40625  0.00000
 61.43750  0.00000
 61.46875  0.00000
 61.50000  0.00000
 61.53125  0.00000
 61.56250  0.00000
 61.59375  0.00000
 61.62500  0.00000
 61.65625  0.00000
 61.68750  0.00000
 61.71875  0.00000
 61.75000  0.00000
 61.78125  0.00000
 61.81250  0.00000
 61.84375  0.00000
 61.87500  0.00000
 61.90625  0.00000
 61.93750  0.00000
 61.96875  0.00000
 62.00000  0.00000
 62.03125  0.00000
 62.06250  0.00000
 62.09375  0.00000
 62.12500  0.00000
 62.15625  0.00000
 62.18750  0.00000
 62.21875  0.00000
 62.25000  0.00000
 62.28125  0.00000
 62.31250  0.00000
 62.34375  0.00000
 62.37500  0.00000
 62.40625  0.00000
 62.43750  0.00000
 62.46875  0.00000
 62.50000  0.00000
 62.53125  0.00000
 62.56250  0.00000
 62.59375  0.00000
 62.62500  0.00000
 62.65625  0.00000
 62.68750  0.00000
 62.71875  0.00000
 62.75000  0.00000
 62.78125  0.00000
 62.81250  0.00000
 62.84375  0.00000
 62.87500  0.00000
 62.90625  0.00000
 62.93750  0.00000
 62.96875  0.00000
 63.00000  0.00000
 63.03125  0.00000
 63.06250  0.00000
 63.09375  0.00000
 63.12500  0.00000
 63.15625  0.00000
 63.18750  0.00000
 63.21875  0.00000
 63.25000  0.00000
 63.28125  0.00000
 63.31250  0.00000
 63.34375  0.00000
 63.37500  0.00000
 63.40625  0.00000
 63.43750  0.00000
 63.46875  0.00000
 63.50000  0.00000
 63.53125  0.00000
 63.56250  0.00000
 63.59375  0.00000
 63.62500  0.00000
 63.65625  0.00000
 63.68750  0.00000
 63.71875  0.00000
 63.75000  0.00000
 63.78125  0.00000
 63.81250  0.00000
 63.84375  0.00000
 63.87500  0.00000
 63.90625  0.00000
 63.93750  0.00000
 63.96875  0.00000
