 StaID  EPI(km) AZI(degree) PGV(cm/s)  T1(sec) T2(sec)  SD(sec) SK     KT    M_ratio  LFHF    A0       AE          ML    MD         txtfile
ALSB   161.894  220.249     .294E-03   71.79   97.59   25.81   1.64   2.98   1.467  2.189   .701E-04   .518E-04   3.70   2.52  Meq01para_result.txt
SGSB   213.245  216.799     .667E-04   43.83  147.32  103.49   1.73   4.66    .966  1.334   .186E-04  -.173E-03   3.77   3.91  Meq01para_result.txt
ESLB    98.913  204.095     .134E-03   44.93   85.06   40.13   1.47   1.64   1.156  -.116   .146E-04   .833E-03   3.10   2.68  Meq01para_result.txt
TWHB   219.167  189.550     .151E-02  151.04  174.84   23.79   1.26   1.48   1.742  2.734   .523E-03  -.119E-04   4.62   2.65  Meq01para_result.txt
ELDB   179.678  207.574     .902E-04   55.45   95.39   39.93   1.46   1.39   1.176  1.690   .820E-05   .591E-03   3.48   2.96  Meq01para_result.txt
DPDB   113.502  234.742     .860E-04   45.29   90.89   45.60   1.66   2.47   1.141   .487   .102E-04   .512E-03   3.25   2.85  Meq01para_result.txt
NACB    56.005  206.180     .263E-03   37.44   70.74   33.30   2.49   8.09   1.178  1.900   .145E-04   .971E-03   2.79   2.37  Meq01para_result.txt
TDCB    80.421  239.071     .209E-03   42.72   69.69   26.98   3.13  11.37   1.273  1.982   .173E-04   .309E-03   2.89   2.27  Meq01para_result.txt
TPUB   191.576  220.158     .546E-04   75.23   93.45   18.22    .56    .21   1.498   .407   .188E-04   .673E-04   3.48   2.32  Meq01para_result.txt
SSLB   129.276  224.150     .118E-03   46.69   85.43   38.74   3.09  10.96   1.083   .792   .775E-05   .273E-03   2.99   2.76  Meq01para_result.txt
CHGB    92.120  227.111     .401E-03   43.21   78.92   35.71   1.92   3.45   1.270  3.095   .122E-04   .269E-02   3.25   2.56  Meq01para_result.txt
HGSD   132.598  198.593     .150E-02   62.56  105.48   42.92   1.04    .11   1.491  2.667   .309E-03   .901E-02   4.26   2.86  Meq01para_result.txt
YULB   147.419  202.017     .609E-04   63.29   86.87   23.58   1.06    .92   1.397  1.104   .678E-05   .276E-03   3.34   2.39  Meq01para_result.txt
NNSB    51.119  244.496     .258E-03   37.06   62.07   25.00   2.29   5.97   1.394  -.560   .220E-04   .772E-03   2.93   2.10  Meq01para_result.txt
ALSB    24.853  115.750     .484E-03  140.24  157.26   17.02   2.40   5.08   1.359  1.723   .430E-04   .725E-03   2.28   1.68  Meq02para_result.txt
WGKB     9.019  344.459     .146E-02  139.93  153.51   13.57   2.60   9.10   1.819 -1.255   .380E-03  -.892E-03   2.60   1.43  Meq02para_result.txt
TWMB    88.421  190.922     .351E-03   35.56   53.96   18.40    .57   -.02   1.761  -.419   .137E-03   .460E-03   3.47   1.97  Meq02para_result.txt
TPUB    34.009  173.857     .123E-03  145.10  153.66    8.56   1.58   2.46   1.873   .380   .166E-04   .152E-03   2.09   1.11  Meq02para_result.txt
SSLB    41.834   61.228     .310E-04  142.98  153.98   11.00   1.30   1.16   1.508   .748   .824E-05   .209E-04   2.05   1.36  Meq02para_result.txt
ALSB    51.410  277.185     .323E-03  116.74  147.74   31.01   1.93   3.25   1.168  1.906   .396E-04   .981E-03   2.68   2.29  Meq03para_result.txt
CHKH    39.579  171.101     .129E-03  132.90  149.20   16.30   2.08   4.81   1.631  1.699   .174E-04   .350E-03   2.76   1.69  Meq03para_result.txt
SGSB    84.493  241.091     .519E-04  143.51  157.89   14.38    .96   1.45   1.718  1.175   .112E-04   .121E-03   2.99   1.74  Meq03para_result.txt
ESLB    42.031   18.140     .131E-03  131.09  146.36   15.27    .90   -.09   1.373  -.804   .188E-04   .403E-03   2.26   1.65  Meq03para_result.txt
TWHB    87.653  168.442     .171E-02  120.72  136.24   15.53   -.16    .00   2.141  3.028   .655E-03   .283E-02   3.89   1.82  Meq03para_result.txt
ELDB    41.464  225.251     .358E-03  125.39  150.23   24.84   1.47   1.56   1.269  -.103   .830E-05   .160E-02   2.62   2.07  Meq03para_result.txt
DPDB    75.549  328.650     .483E-04  132.98  158.36   25.39    .79    .26   1.352   .355   .809E-05   .270E-03   2.98   2.20  Meq03para_result.txt
FULB    27.993  183.983     .137E-02  125.04  150.81   25.77   2.33   5.22   1.289  2.286   .346E-04   .463E-02   2.64   2.05  Meq03para_result.txt
SSLB    52.229  315.562     .107E-03  128.41  147.46   19.06   2.27   5.17   1.155  -.064   .104E-04   .247E-03   2.16   1.87  Meq03para_result.txt
CHGB    68.903  348.167     .180E-03  132.24  172.49   40.25   2.20   5.99   1.097  2.149   .438E-04  -.355E-03   2.83   2.58  Meq03para_result.txt
HGSD    12.202   68.089     .341E-01  124.19  149.26   25.07   2.44   6.73   1.815  2.306   .781E-03   .935E-01   3.58   1.97  Meq03para_result.txt
YULB     6.686  194.067     .278E-02  120.79  133.95   13.16   4.69  24.57   2.005  -.897   .430E-04   .203E-02   2.79   1.39  Meq03para_result.txt
ESLB    21.847  314.311     .193E-03   28.45   47.91   19.46   1.47   1.45   1.460 -1.108   .179E-04   .498E-03   2.61   1.78  Meq04para_result.txt
ELDB    79.324  227.306     .143E-03   30.11   54.86   24.75   2.76   9.87   1.311   .697   .130E-04   .298E-03   2.88   2.19  Meq04para_result.txt
FULB    60.931  210.359     .131E-03   36.99   57.39   20.40    .92    .10   1.666  1.691   .187E-04   .570E-03   3.27   1.96  Meq04para_result.txt
NACB    55.325  359.969     .135E-03   30.91   47.31   16.40   2.71   9.69   1.519  1.712   .257E-04   .329E-04   2.66   1.75  Meq04para_result.txt
SSLB    66.517  281.015     .362E-04   36.88   52.15   15.27   1.87   6.16   1.472   .132   .892E-05   .134E-04   2.55   1.73  Meq04para_result.txt
CHGB    60.532  315.013     .203E-03   23.81   51.92   28.10   2.42   7.35   1.302  2.320   .245E-04   .564E-03   2.92   2.24  Meq04para_result.txt
HGSD    26.647  220.958     .182E-02   29.10   53.34   24.24    .71   -.70   1.795  2.044   .476E-03   .564E-02   3.58   1.99  Meq04para_result.txt
YULB    43.541  224.346     .713E-04   31.76   49.35   17.59   1.96   4.74   1.553   .116   .865E-05   .141E-03   2.75   1.77  Meq04para_result.txt
ALSB   123.711  231.365     .127E-03   56.97   99.74   42.77   1.00   1.69   1.217   .904   .311E-04   .463E-03   3.44   2.83  Meq05para_result.txt
ESLB    54.609  216.440     .113E-03   93.37  121.81   28.44   1.59   2.60   1.174   .373   .185E-04   .346E-03   2.62   2.23  Meq05para_result.txt
TWMB   204.923  221.725     .628E-03  130.78  148.19   17.41    .93   1.40   1.813   .217   .141E-03   .110E-02   4.22   2.33  Meq05para_result.txt
DPDB    86.895  257.243     .112E-03  100.48  127.94   27.46   2.33   6.49   1.334   .505   .134E-04   .235E-03   3.08   2.31  Meq05para_result.txt
NACB    17.231  256.964     .437E-03   87.97  105.32   17.35   2.13   4.51   1.203  1.053   .436E-04   .638E-03   2.01   1.67  Meq05para_result.txt
TDCB    61.275  274.692     .450E-04  100.45  115.39   14.93   1.22    .95   1.557  1.375   .120E-04   .708E-04   2.64   1.69  Meq05para_result.txt
SSLB    94.315  240.514     .598E-04  100.76  133.18   32.41   3.14  11.47   1.101  1.593   .693E-05   .983E-04   2.73   2.48  Meq05para_result.txt
CHGB    61.767  254.653     .508E-03   93.37  121.81   28.44   2.81   8.46   1.287  2.728   .202E-04   .154E-02   2.90   2.25  Meq05para_result.txt
NNSB    45.328  302.493     .160E-03   98.05  115.73   17.68   2.31   7.79   1.376  -.697   .295E-04   .109E-03   2.45   1.78  Meq05para_result.txt
ALSB   131.053  267.510     .144E-03   85.16  118.13   32.98   1.17   1.71   1.334  1.556   .208E-04   .738E-03   3.50   2.63  Meq06para_result.txt
ESLB    72.093  292.398     .707E-04   68.01  148.09   80.09   1.16   1.61    .892  -.519   .148E-04   .430E-03   2.84   3.19  Meq06para_result.txt
ELDB   117.136  249.285     .154E-03   81.60  120.92   39.32   2.46   6.84   1.153   .884   .182E-04   .491E-03   3.15   2.73  Meq06para_result.txt
FULB    91.423  243.833     .236E-03   82.02  111.87   29.84   1.26   1.41   1.485  1.660   .301E-04   .115E-02   3.56   2.40  Meq06para_result.txt
NACB    84.530  322.966     .139E-03   86.12  124.75   38.64   3.23  14.69   1.100  1.833   .246E-04  -.414E-04   2.86   2.60  Meq06para_result.txt
CHGB   108.724  300.460     .118E-03   80.98  125.54   44.56   1.88   5.78   1.147  2.124   .306E-04   .348E-04   3.22   2.81  Meq06para_result.txt
HGSD    69.067  263.424     .440E-02   74.80  110.53   35.73   1.64   2.88   1.560  2.335   .274E-03   .236E-01   3.87   2.48  Meq06para_result.txt
YULB    83.773  256.976     .219E-03   77.38  105.30   27.92   3.63  14.86   1.268   .665   .108E-04   .383E-03   2.94   2.32  Meq06para_result.txt
ALSB    89.440  315.815     .121E-03  122.85  184.49   61.64    .84   1.11   1.086  1.128   .295E-04   .928E-03   3.28   3.02  Meq07para_result.txt
CHKH    19.287  344.229     .733E-03  104.72  122.66   17.94   3.42  14.77   1.584   .778   .249E-04   .120E-02   2.70   1.70  Meq07para_result.txt
SGSB    86.982  281.187     .757E-04  130.08  138.53    8.45    .42    .15   2.538  1.461   .280E-04   .536E-04   3.27   1.29  Meq07para_result.txt
ELDB    49.772  304.931     .180E-03  110.19  143.15   32.97   2.14   5.28   1.097  1.016   .215E-04   .585E-03   2.57   2.34  Meq07para_result.txt
FULB    32.583  335.907     .629E-03  108.32  140.35   32.03   1.91   4.42   1.273  1.273   .657E-04   .206E-02   2.87   2.26  Meq07para_result.txt
TWGB    37.417  250.649     .690E-03  107.87  135.27   27.41   1.90   4.54   1.512  1.246   .469E-04   .309E-02   3.23   2.14  Meq07para_result.txt
TPUB    91.079  296.913     .531E-04  126.21  141.78   15.57    .74    .04   1.654   .726   .292E-04  -.643E-04   3.03   1.83  Meq07para_result.txt
HGSD    62.213  359.990     .167E-02  114.59  145.31   30.71    .81    .09   1.620  2.592   .250E-03   .118E-01   3.76   2.32  Meq07para_result.txt
YULB    52.800  345.785     .834E-04  110.13  140.30   30.17   2.43   9.76   1.209   .757   .398E-05   .339E-03   2.75   2.27  Meq07para_result.txt
ALSB    85.711  324.575     .673E-03   40.99   99.20   58.20   1.64   2.68   1.113  2.769   .587E-04   .567E-02   3.30   2.96  Meq08para_result.txt
CHKH    25.434   17.041     .178E-02   53.16   84.57   31.41   1.97   4.79   1.285   .846   .802E-04   .812E-02   2.84   2.21  Meq08para_result.txt
SGSB    76.056  287.258     .363E-03   62.32  107.92   45.60   1.42   2.30   1.186  2.075   .466E-04   .207E-02   3.22   2.71  Meq08para_result.txt
ESLB   104.362    7.937     .224E-03   66.76  120.80   54.04   1.71   3.29   1.035   .880   .132E-04   .158E-02   3.06   2.96  Meq08para_result.txt
WGKB   116.339  320.253     .585E-03   80.53  130.52   49.99   1.30   1.99   1.347  1.329   .825E-04   .377E-02   3.95   2.94  Meq08para_result.txt
TAIH   110.408  279.435     .184E-03   81.70  115.26   33.56    .75   1.67   1.507  1.713   .355E-04   .980E-03   3.87   2.57  Meq08para_result.txt
TWHB    29.348  139.917     .452E-02   59.90  109.94   50.03   2.32   9.81   1.273  2.405   .248E-02  -.771E-01   3.35   2.63  Meq08para_result.txt
TWMB    89.385  266.156     .552E-03   66.21  150.67   84.46   1.63   3.91   1.132  1.576   .917E-04   .311E-02   3.73   3.30  Meq08para_result.txt
ELDB    44.294  320.595     .192E-02   55.11   90.83   35.72   2.73   9.29   1.289  1.722   .316E-04   .899E-02   3.08   2.39  Meq08para_result.txt
ECLB    46.684  228.112     .123E-02   61.44   90.26   28.82   2.29   6.12   1.341  1.380   .771E-04   .327E-02   2.97   2.21  Meq08para_result.txt
DPDB   133.454  343.463     .159E-03   72.83  120.77   47.94   1.56   3.68   1.124  1.412   .199E-04   .684E-03   3.33   2.96  Meq08para_result.txt
FULB    35.499  359.008     .771E-02   55.46   88.44   32.98   2.87  10.52   1.488  2.939   .149E-03   .279E-01   3.41   2.29  Meq08para_result.txt
TWGB    23.545  253.549     .190E-01   53.29   82.00   28.70   2.22   5.03   1.803  2.378   .310E-03   .681E-01   3.84   2.13  Meq08para_result.txt
TPUB    83.058  304.394     .386E-03   63.87   95.46   31.59   1.99   4.28   1.241  1.256   .306E-04   .168E-02   3.00   2.42  Meq08para_result.txt
SSLB   106.696  340.711     .871E-04   65.36  110.57   45.22   1.16   1.28   1.022  1.818   .628E-05   .845E-03   2.88   2.81  Meq08para_result.txt
CHGB   131.482  354.410     .208E-03   73.49  119.68   46.19   1.04   1.25   1.149  2.938   .297E-04   .164E-02   3.35   2.92  Meq08para_result.txt
HGSD    69.140   10.541     .920E-02   60.04  107.96   47.92   1.35   1.47   1.511  3.102   .498E-03   .799E-01   4.13   2.73  Meq08para_result.txt
YULB    56.934  359.701     .329E-03   60.92  110.95   50.02   1.67   2.75    .978  1.196   .155E-04   .227E-02   2.67   2.73  Meq08para_result.txt
MASB    74.552  246.861     .209E-03   61.18  100.44   39.26   1.98   4.81   1.170  2.145   .292E-04   .506E-03   3.02   2.58  Meq08para_result.txt
ALSB   153.194  351.080     .434E-03   77.09  122.03   44.94   1.69   3.39   1.240  1.941   .849E-04   .752E-03   3.68   2.97  Meq09para_result.txt
CHKH   111.073   17.533     .246E-03   78.15   99.82   21.67   2.15   5.76   1.669  1.675   .557E-04  -.115E-03   3.66   2.19  Meq09para_result.txt
SGSB   113.993  335.857     .212E-03   71.17  100.24   29.07   1.24   2.57   1.370  1.531   .587E-04   .383E-03   3.37   2.46  Meq09para_result.txt
ESLB   189.306   12.286     .547E-04   79.24  120.21   40.97    .88    .24   1.127  1.175   .176E-04   .151E-03   3.40   3.02  Meq09para_result.txt
TWMB    98.365  320.077     .413E-03   67.89  104.29   36.40   1.19   2.16   1.421  1.494   .102E-03   .143E-02   3.69   2.60  Meq09para_result.txt
ELDB   115.780  358.947     .208E-03   69.68  102.71   33.03   1.00   1.70   1.243  2.057   .486E-04   .730E-03   3.20   2.57  Meq09para_result.txt
ECLB    51.093  350.250     .738E-03   61.89   80.74   18.85   1.61   3.77   1.600   .946   .321E-04   .268E-02   2.97   1.86  Meq09para_result.txt
DPDB   209.804  356.677     .578E-04   81.92  134.32   52.40   1.44   2.65   1.127   .870   .163E-04   .686E-04   3.72   3.30  Meq09para_result.txt
FULB   119.795   12.229     .435E-03   70.32  110.43   40.11   1.82   3.85   1.373  2.358   .413E-04   .199E-02   3.78   2.76  Meq09para_result.txt
TWGB    74.958    2.660     .170E-02   64.83   93.40   28.57   1.49   3.33   1.641  2.754   .185E-03   .796E-02   3.78   2.30  Meq09para_result.txt
TPUB   135.256  341.654     .907E-04   75.11  114.89   39.78    .68    .14   1.171   .878   .341E-04   .242E-03   3.28   2.80  Meq09para_result.txt
SSLB   182.471  357.056     .445E-04   80.32  115.81   35.48    .89    .10   1.153  1.557   .102E-04   .235E-03   3.31   2.87  Meq09para_result.txt
CHGB   212.817    3.506     .905E-04   83.96  134.22   50.26    .55   -.38   1.130  1.875   .215E-04   .865E-03   3.70   3.28  Meq09para_result.txt
HGSD   154.474   14.464     .188E-02   72.95  122.79   49.83   1.07    .94   1.439  2.656   .172E-03   .195E-01   4.41   3.07  Meq09para_result.txt
YULB   140.872   10.493     .570E-04   72.30  118.81   46.50    .71    .08   1.136  1.704   .663E-05   .573E-03   3.36   2.96  Meq09para_result.txt
MASB    67.262  320.861     .195E-03   60.24   94.98   34.74   1.19    .78   1.193  2.621   .161E-04   .118E-02   2.92   2.45  Meq09para_result.txt
ALSB    82.700  310.323     .544E-03  101.40  121.65   20.26   1.81   3.08   1.619  2.489   .126E-03   .457E-05   3.29   2.03  Meq10para_result.txt
ESLB    86.982     .704     .254E-03  103.22  117.48   14.26   3.12  11.62   1.733 -1.084   .422E-04   .112E-03   3.02   1.74  Meq10para_result.txt
WGKB   114.229  309.816     .384E-03  111.97  141.31   29.34   2.59  10.79   1.613  1.649   .408E-04   .120E-02   3.98   2.46  Meq10para_result.txt
TWHB    39.225  172.023     .694E-03  111.19  122.66   11.47    .67   -.22   2.139  2.955   .118E-03   .220E-02   2.97   1.39  Meq10para_result.txt
ELDB    45.206  293.294     .279E-03   89.47  112.06   22.59   1.47   2.02   1.262   .247   .447E-04   .940E-03   2.52   2.00  Meq10para_result.txt
DPDB   122.823  335.310     .102E-03  100.37  133.01   32.64   2.65   8.20   1.306   .922   .121E-04   .270E-03   3.38   2.59  Meq10para_result.txt
FULB    23.708  323.756     .520E-03   88.92  123.49   34.57   1.66   3.63   1.114  1.209   .494E-04   .193E-02   2.55   2.29  Meq10para_result.txt
TWGB    42.750  237.417     .148E-02   95.40  108.78   13.37   2.66   8.56   2.106   .948   .406E-03  -.172E-02   3.23   1.53  Meq10para_result.txt
SSLB    97.356  330.061     .620E-04  105.65  118.19   12.54    .98    .62   1.675   .484   .235E-04  -.278E-04   2.79   1.67  Meq10para_result.txt
CHGB   117.437  347.147     .131E-03  101.36  122.18   20.81   1.00    .80   1.497  2.288   .556E-04  -.158E-03   3.26   2.18  Meq10para_result.txt
HGSD    51.594  359.195     .665E-02   94.51  122.94   28.43   2.04   4.56   1.700  2.610   .248E-03   .284E-01   3.77   2.22  Meq10para_result.txt
YULB    42.804  341.362     .310E-03   91.27  117.73   26.46   3.83  17.85   1.266  -.956   .915E-05   .690E-03   2.69   2.12  Meq10para_result.txt
ESLB    58.560  213.158     .681E-04   50.52   78.65   28.13   1.19   1.21   1.124  -.523   .130E-04   .260E-03   2.51   2.23  Meq11para_result.txt
DPDB    87.769  253.939     .552E-04   59.04   94.57   35.53   2.04   6.22   1.218  1.250   .697E-05   .169E-03   3.09   2.54  Meq11para_result.txt
NACB    18.680  241.270     .358E-03   42.28   60.51   18.22   2.87  10.15   1.096  1.016   .131E-04   .652E-03   1.88   1.72  Meq11para_result.txt
TDCB    60.663  269.923     .595E-04   58.87   70.20   11.33   2.25   4.97   1.756  1.391   .100E-04   .682E-04   2.55   1.45  Meq11para_result.txt
CHGB    62.924  250.077     .157E-03   55.09   86.58   31.48   1.83   3.30   1.184  2.279   .270E-04   .333E-03   2.78   2.35  Meq11para_result.txt
NNSB    42.446  296.980     .219E-03   52.86   61.06    8.21   2.14   4.81   2.064  -.192   .160E-04   .217E-03   2.28   1.11  Meq11para_result.txt
ALSB   114.601  233.346     .580E-03   69.74  124.97   55.23   1.91   3.40   1.155  2.564   .834E-04   .265E-02   3.48   3.02  Meq12para_result.txt
SGSB   163.099  224.852     .338E-03   92.21  110.12   17.92   1.37   3.82   1.688  1.194   .704E-04   .724E-03   3.73   2.21  Meq12para_result.txt
ESLB    44.734  218.343     .143E-02   57.29   85.96   28.66   1.79   2.62   1.525  -.473   .778E-04   .608E-02   3.36   2.20  Meq12para_result.txt
WGKB   126.363  247.315     .807E-03   73.40  124.51   51.11   1.46   2.37   1.341   .422   .919E-04   .453E-02   4.01   2.99  Meq12para_result.txt
ELDB   125.713  214.100     .320E-03   72.63  102.42   29.78   1.00    .47   1.272  1.309   .107E-03   .614E-03   3.20   2.52  Meq12para_result.txt
PTSB   108.256  289.170     .605E-03   67.50  117.11   49.60   1.10   1.44   1.324  2.074   .114E-03   .418E-02   3.84   2.90  Meq12para_result.txt
DPDB    80.740  262.629     .406E-03   62.71  100.59   37.87   1.98   4.62   1.224  1.119   .292E-04   .226E-02   3.14   2.57  Meq12para_result.txt
ENLB    27.417  204.566     .636E-02   63.38   94.40   31.02   2.79   9.53   1.626  2.002   .341E-03   .169E-01   3.59   2.21  Meq12para_result.txt
FULB   111.522  202.664     .520E-03   68.03  203.15  135.13   2.43   7.03    .900  1.909   .329E-04   .464E-02   3.41   3.78  Meq12para_result.txt
NACB    13.093  292.282     .798E-03   55.42   90.05   34.63   2.62   8.19   1.121  1.299   .583E-04   .199E-02   2.53   2.25  Meq12para_result.txt
TDCB    58.076  283.796     .329E-03   49.55   78.96   29.41   1.97   4.98   1.185  1.754   .546E-04   .615E-03   2.69   2.27  Meq12para_result.txt
TPUB   143.609  230.532     .188E-03   89.29  124.03   34.74   1.54   2.19   1.240  1.134   .126E-03  -.227E-02   3.36   2.71  Meq12para_result.txt
SSLB    86.058  244.097     .345E-03   63.51  100.60   37.09   2.47   7.01   1.121  1.126   .156E-04   .145E-02   2.88   2.57  Meq12para_result.txt
CHGB    55.400  262.208     .166E-02   59.53  111.01   51.49   2.80   9.48   1.230  2.926   .131E-03   .356E-02   3.38   2.75  Meq12para_result.txt
HGSD    76.439  202.796     .106E-01   62.92  109.04   46.13   1.18    .78   1.595  3.485   .881E-03   .884E-01   4.35   2.73  Meq12para_result.txt
YULB    91.934  207.600     .283E-03   63.53  110.07   46.54   1.54   2.27   1.035   .663   .146E-04   .178E-02   2.88   2.79  Meq12para_result.txt
NNSB    47.210  314.678     .916E-03   58.79   86.71   27.92   3.37  12.57   1.357   .438   .273E-04   .231E-02   2.97   2.19  Meq12para_result.txt
ALSB   126.195  234.041     .139E-02   70.52  135.79   65.27   1.39   1.82   1.224  2.369   .122E-03   .163E-01   3.92   3.20  Meq13para_result.txt
SGSB   174.373  225.924     .454E-03   99.70  135.85   36.15   1.07   1.16   1.311  1.508   .122E-03   .110E-02   3.74   2.86  Meq13para_result.txt
ESLB    55.725  222.904     .319E-02   57.99  108.87   50.88   1.97   4.73   1.270  2.862   .421E-03   .869E-02   3.48   2.74  Meq13para_result.txt
WGKB   137.961  246.776     .231E-02   75.85  150.55   74.70   1.35   1.50   1.218  2.174   .127E-03   .251E-01   4.09   3.36  Meq13para_result.txt
TWMB   206.352  223.456     .414E-03   89.40  161.55   72.15    .74   1.07   1.200  2.283   .826E-04   .497E-02   4.28   3.57  Meq13para_result.txt
ELDB   136.275  216.319     .489E-03   69.00  129.15   60.14   1.23   1.82   1.063  2.876   .447E-04   .609E-02   3.36   3.17  Meq13para_result.txt
PTSB   116.289  284.883     .178E-02   72.09  124.43   52.34   1.20    .85   1.347  3.377   .280E-03   .157E-01   4.01   2.97  Meq13para_result.txt
DPDB    91.657  259.912     .854E-03   63.08  113.82   50.74   1.04    .71   1.240  3.015   .380E-04   .116E-01   3.55   2.86  Meq13para_result.txt
ENLB    37.507  215.117     .125E-01   75.88  112.89   37.01   1.74   2.98   1.579  3.079   .766E-03   .604E-01   3.79   2.40  Meq13para_result.txt
WLGB   172.705  243.513     .142E-02   85.15  189.64  104.49   1.25   1.85   1.188  2.066   .141E-03   .212E-01   4.48   3.77  Meq13para_result.txt
FULB   120.962  206.094     .101E-02   69.35  163.60   94.26   1.21    .98   1.055  3.614   .434E-04   .169E-01   3.69   3.50  Meq13para_result.txt
NACB    22.285  267.995     .859E-02   51.83   88.24   36.41   2.91   9.28   1.416  3.649   .852E-03   .963E-02   3.30   2.33  Meq13para_result.txt
TWGB   168.489  206.554     .688E-03   84.06  137.16   53.09    .55   -.23   1.236  3.156   .222E-03   .480E-02   3.92   3.17  Meq13para_result.txt
TDCB    67.046  276.971     .934E-03   60.87   90.39   29.53   1.51   2.68   1.363  3.051   .136E-03   .279E-02   3.14   2.31  Meq13para_result.txt
TPUB   155.124  231.315     .351E-03   75.61  126.39   50.77   1.26   1.36   1.132  1.025   .527E-04   .249E-02   3.49   3.08  Meq13para_result.txt
SSLB    97.713  243.701     .967E-03   64.52  105.67   41.15   2.16   6.18   1.228  3.045   .858E-04   .392E-02   3.32   2.70  Meq13para_result.txt
CHGB    66.384  258.509     .349E-02   60.40  126.73   66.34   1.67   2.30   1.273  4.096   .219E-03   .331E-01   3.83   3.01  Meq13para_result.txt
HGSD    85.980  207.593     .233E-01   64.18  129.24   65.06   1.29   1.19   1.539  3.892   .126E-02   .253E+00   4.70   3.06  Meq13para_result.txt
YULB   101.940  211.202     .492E-03   64.61  145.12   80.51   1.47   1.84    .972  3.476   .119E-04   .679E-02   3.21   3.30  Meq13para_result.txt
MASB   211.477  215.027     .100E-03   72.04  139.60   67.56    .72    .30   1.029  1.947   .223E-04   .842E-03   3.63   3.53  Meq13para_result.txt
RLNB   151.324  258.052     .714E-03   84.43  128.72   44.30   1.31   1.22   1.454  2.082   .163E-03   .311E-02   4.29   2.95  Meq13para_result.txt
NNSB    51.619  302.146     .150E-02   57.32  110.94   53.63   2.33   6.31   1.131  1.550   .250E-03  -.160E-03   3.13   2.77  Meq13para_result.txt
ALSB    32.051   73.015     .416E-02   99.78  128.28   28.50   2.16   4.88   1.535  2.778   .466E-03   .831E-02   3.30   2.15  Meq14para_result.txt
SGSB    38.862  168.186     .141E-02  103.37  125.75   22.38   1.30    .69   1.527  1.621   .119E-03   .554E-02   3.00   1.97  Meq14para_result.txt
ESLB   103.972   65.432     .198E-03  111.12  154.48   43.36   1.60   3.24   1.040  1.428   .304E-04   .601E-03   2.88   2.77  Meq14para_result.txt
WGKB    29.421   11.451     .380E-02  101.96  133.12   31.15    .63   -.39   1.404  1.043   .386E-03   .253E-01   3.12   2.22  Meq14para_result.txt
TAIH    51.224  213.539     .547E-03  105.12  141.56   36.44   1.18   1.80   1.398  1.984   .591E-04   .380E-02   3.40   2.43  Meq14para_result.txt
TWHB   129.470  129.622     .538E-03  108.43  144.29   35.86    .63    .22   1.347  2.441   .203E-03   .481E-03   3.63   2.69  Meq14para_result.txt
ELDB    58.565  116.508     .604E-03  104.21  129.45   25.24   1.29   1.82   1.288  1.288   .184E-03   .626E-04   2.75   2.14  Meq14para_result.txt
DPDB    79.528   31.904     .356E-03  107.14  150.93   43.79   1.55   2.71   1.155  1.513   .216E-04   .221E-02   3.11   2.69  Meq14para_result.txt
WLGB    22.548  285.326     .962E-02   98.96  150.12   51.15   2.47   8.25   1.252  1.899   .455E-03   .560E-01   3.29   2.63  Meq14para_result.txt
FULB    83.641  107.192     .595E-03  108.16  159.91   51.75   1.61   2.61   1.104  2.596   .383E-04   .453E-02   3.15   2.85  Meq14para_result.txt
NACB   137.934   52.792     .619E-04  121.16  156.58   35.42   1.15   1.35   1.107  1.464   .210E-04  -.118E-04   3.00   2.71  Meq14para_result.txt
TWGB    88.726  139.040     .197E-02  120.28  131.49   11.21    .95   1.68   2.385  2.977   .583E-03   .627E-03   3.67   1.54  Meq14para_result.txt
TPUB    18.133  138.900     .311E-02   96.73  122.07   25.33   2.59   8.92   1.361   .415   .357E-03   .140E-02   2.72   2.00  Meq14para_result.txt
SSLB    60.351   48.101     .377E-03  104.65  136.44   31.79   2.09   4.19   1.139  1.849   .191E-04   .157E-02   2.67   2.35  Meq14para_result.txt
CHGB    97.444   43.592     .315E-03  110.43  170.13   59.70   1.49   2.04   1.018  2.868   .327E-04   .268E-02   3.08   3.02  Meq14para_result.txt
HGSD    93.319   85.187     .513E-02  110.98  157.28   46.30   1.28   1.21   1.472  3.779   .690E-03   .309E-01   4.10   2.79  Meq14para_result.txt
YULB    80.172   92.345     .163E-03  106.76  153.27   46.52   1.14    .82   1.017  1.520   .829E-05   .155E-02   2.79   2.75  Meq14para_result.txt
MASB    90.714  172.201     .174E-03  110.86  139.87   29.01   2.36   6.31   1.289  2.117   .214E-04   .471E-03   3.06   2.37  Meq14para_result.txt
NNSB   142.113   38.344     .811E-04  117.53  156.88   39.36   1.80   4.54   1.114   .113   .124E-04   .267E-03   3.14   2.82  Meq14para_result.txt
ESLB    56.910  211.804     .681E-03   79.21  113.90   34.69   1.83   3.23   1.188   .110   .301E-04   .343E-02   2.86   2.41  Meq15para_result.txt
DPDB    85.635  253.982     .209E-03   85.66  125.74   40.08   1.76   3.41   1.180  1.369   .216E-04   .865E-03   3.11   2.64  Meq15para_result.txt
ENLB    40.577  199.638     .200E-02  103.77  122.20   18.43    .98    .71   1.709  1.997   .360E-03   .562E-02   3.08   1.80  Meq15para_result.txt
FULB   124.678  201.268     .162E-03   97.76  147.84   50.08   1.14   1.36   1.134  1.807   .226E-04   .145E-02   3.36   2.97  Meq15para_result.txt
NACB    16.586  239.902     .113E-02   73.55  105.73   32.17   2.41   6.72   1.114   .811   .623E-04   .347E-02   2.45   2.20  Meq15para_result.txt
SSLB    94.510  237.439     .124E-03   87.46  138.53   51.07   2.33   6.04    .943  1.165   .769E-05   .805E-03   2.71   2.88  Meq15para_result.txt
CHGB    60.789  250.005     .811E-03   80.36  122.47   42.11   1.76   2.63   1.190  3.306   .517E-04   .446E-02   3.08   2.59  Meq15para_result.txt
HGSD    89.604  200.830     .287E-02   87.72  139.13   51.42    .95   -.25   1.394  3.362   .277E-03   .301E-01   3.99   2.87  Meq15para_result.txt
YULB   104.824  205.327     .731E-04   87.89  135.06   47.17   1.27    .84    .979  1.590   .653E-05   .662E-03   2.78   2.84  Meq15para_result.txt
NNSB    40.966  299.088     .962E-03   76.77  102.20   25.43   3.96  20.60   1.335  -.246   .961E-04   .616E-04   2.78   2.08  Meq15para_result.txt
ESLB    68.155    7.254     .222E-03   53.08   97.66   44.58   1.76   3.38    .994   .209   .747E-05   .176E-02   2.65   2.67  Meq16para_result.txt
WGKB    96.533  303.823     .594E-03   72.39  107.77   35.37   1.00   1.37   1.474   .874   .137E-03   .207E-02   3.78   2.57  Meq16para_result.txt
TWHB    59.653  167.370     .531E-03   61.04  123.73   62.70   1.28   2.10   1.042  2.620   .175E-03  -.403E-03   3.06   2.93  Meq16para_result.txt
TWMB   103.780  246.307     .510E-03   58.36   96.51   38.15    .61    .12   1.420   .408   .152E-03   .168E-02   3.77   2.66  Meq16para_result.txt
DPDB   102.068  334.600     .112E-03   63.98   94.16   30.18   1.29   1.86   1.309  -.013   .264E-04   .312E-03   3.20   2.45  Meq16para_result.txt
FULB     6.451  267.750     .835E-02   45.71   66.70   20.99   1.38    .67   1.771  1.644   .284E-03   .367E-01   3.18   1.80  Meq16para_result.txt
NACB   110.371   12.635     .493E-04   71.58  115.46   43.88    .88    .72   1.014  1.420   .150E-04   .803E-04   2.84   2.80  Meq16para_result.txt
TWGB    51.054  213.838     .110E-02   32.80   82.05   49.25   1.01   1.27   1.146  1.858   .187E-03   .879E-02   3.09   2.69  Meq16para_result.txt
SSLB    76.855  327.716     .132E-03   56.20   97.70   41.50   2.02   4.42    .985   .949   .183E-04   .449E-03   2.60   2.64  Meq16para_result.txt
CHGB    96.917  348.934     .193E-03   61.82   99.01   37.19   1.00   1.05   1.156  2.583   .416E-04   .851E-03   3.02   2.61  Meq16para_result.txt
HGSD    32.937   11.966     .343E-01   50.46   84.99   34.54   1.78   2.71   1.792  3.590   .817E-03   .200E+00   4.16   2.32  Meq16para_result.txt
YULB    22.052  343.887     .307E-02   47.24   70.62   23.38   5.05  31.24   1.487   .081   .672E-04   .410E-02   2.89   1.94  Meq16para_result.txt
MASB    98.814  228.856     .132E-03   65.19   92.02   26.83   2.23   8.04   1.297  2.183   .288E-04   .226E-04   3.03   2.33  Meq16para_result.txt
NNSB   135.899    1.102     .348E-04   72.48  106.46   33.97    .46    .06   1.175  -.235   .111E-04   .842E-04   3.13   2.67  Meq16para_result.txt
ALSB    67.186  300.745     .891E-03  118.17  146.72   28.56   1.62   3.13   1.378  2.211   .159E-03   .257E-02   3.14   2.28  Meq17para_result.txt
ESLB    68.128    5.361     .285E-03  120.14  167.01   46.87   1.70   3.35   1.020   .309   .203E-04   .170E-02   2.76   2.71  Meq17para_result.txt
WGKB    98.532  303.210     .812E-03  135.33  163.93   28.61   1.13   1.02   1.596  1.164   .808E-04   .505E-02   3.81   2.39  Meq17para_result.txt
TWMB   105.757  246.915     .505E-03  143.99  168.25   24.26   1.02    .75   1.651  1.722   .218E-03  -.233E-03   3.75   2.27  Meq17para_result.txt
ELDB    36.223  267.968     .196E-02  112.44  133.97   21.53   1.70   2.89   1.535   .651   .291E-03   .402E-02   2.95   1.92  Meq17para_result.txt
DPDB   103.251  333.534     .184E-03  127.39  160.32   32.93   1.69   4.29   1.272   .534   .319E-04   .413E-03   3.21   2.53  Meq17para_result.txt
FULB     8.696  269.798     .113E-01  109.99  132.40   22.40   1.53   1.39   1.756  2.172   .721E-03   .370E-01   3.27   1.86  Meq17para_result.txt
NACB   110.117   11.475     .579E-04  127.84  182.32   54.48    .95    .97    .942  1.716   .197E-04  -.297E-04   2.81   2.99  Meq17para_result.txt
TWGB    52.162  216.036     .135E-02  116.36  152.46   36.10   1.10    .41   1.341  1.483   .320E-03   .499E-02   3.26   2.43  Meq17para_result.txt
TPUB    77.461  278.486     .494E-03  130.74  145.51   14.77   1.59   2.66   1.729   .942   .128E-03   .357E-03   3.01   1.74  Meq17para_result.txt
SSLB    78.264  326.418     .176E-03  120.90  150.40   29.50   1.69   2.63   1.138  1.264   .227E-04   .683E-03   2.67   2.34  Meq17para_result.txt
CHGB    97.590  347.671     .261E-03  124.69  162.90   38.21   1.02   1.11   1.179  2.770   .578E-04   .102E-02   3.11   2.64  Meq17para_result.txt
HGSD    32.764    8.042     .463E-01  113.61  148.80   35.19   1.94   3.57   1.839  3.305   .549E-03   .282E+00   4.30   2.34  Meq17para_result.txt
YULB    22.985  338.652     .309E-02  110.88  131.43   20.55   4.11  21.54   1.580   .608   .821E-04   .508E-02   2.90   1.84  Meq17para_result.txt
MASB   100.376  229.804     .114E-03  128.22  150.78   22.56   1.81   3.38   1.388  2.178   .218E-04   .202E-03   3.04   2.19  Meq17para_result.txt
NNSB   136.096     .162     .419E-04  134.71  161.90   27.19    .29   -.59   1.278  -.039   .180E-04   .223E-04   3.16   2.48  Meq17para_result.txt
ESLB    32.235  209.633     .226E-03   30.59   53.10   22.52   2.08   3.71   1.180  -.652   .172E-04   .663E-03   2.30   1.95  Meq18para_result.txt
NACB    12.048  358.408     .118E-03   29.77   45.60   15.82   2.09   5.02   1.215  1.441   .150E-04   .213E-03   1.91   1.57  Meq18para_result.txt
CHGB    43.100  269.379     .206E-03   37.18   52.83   15.65   1.51   1.63   1.609  1.972   .380E-04   .456E-03   2.69   1.67  Meq18para_result.txt
HGSD    65.848  195.660     .152E-02   36.49   59.69   23.20   1.25   1.82   1.669  2.692   .379E-03   .335E-02   3.49   2.09  Meq18para_result.txt
YULB    80.517  202.446     .256E-04   42.08   62.32   20.24    .72    .43   1.327   .859   .754E-05   .602E-04   2.69   2.02  Meq18para_result.txt
TWHB   194.859  191.093     .900E-03   70.86   79.88    9.02    .69   -.28   2.301  3.375   .252E-03   .119E-02   3.96   1.72  Meq20para_result.txt
FULB   144.794  203.091     .143E-03   60.64   93.08   32.44   1.42   3.99   1.298  1.573   .350E-04   .343E-03   3.45   2.66  Meq20para_result.txt
YULB   125.175  206.773     .300E-04   61.64   89.08   27.44   1.18   2.19   1.183  1.525   .867E-05   .638E-04   2.89   2.45  Meq20para_result.txt
ESLB    60.231  213.858     .751E-04   88.79  155.58   66.80    .72    .59    .809  -.593   .259E-04  -.195E-04   2.42   2.99  Meq21para_result.txt
TAIH   207.096  229.369     .213E-03   90.36  142.95   52.59    .71    .06   1.332  1.801   .453E-04   .205E-02   4.39   3.30  Meq21para_result.txt
TWMB   210.235  220.853     .144E-02   60.53  140.27   79.74    .79   -.28   1.206  1.875   .110E-03   .279E-01   4.42   3.67  Meq21para_result.txt
DPDB    89.510  253.602     .919E-04   93.79  157.64   63.85    .75    .16   1.038   .513   .292E-04   .253E-03   3.17   3.05  Meq21para_result.txt
WLGB   173.196  240.130     .125E-02   95.15  140.50   45.35    .96    .86   1.500  1.960   .402E-03   .271E-02   4.57   3.05  Meq21para_result.txt
FULB   127.543  202.498     .221E-03   73.97  149.74   75.77    .97    .56   1.004  2.088   .319E-04   .303E-02   3.35   3.34  Meq21para_result.txt
WSSB   236.613  220.936     .114E-02   84.25  132.86   48.61   1.15   1.65   1.399  1.828   .222E-03   .910E-02   4.66   3.33  Meq21para_result.txt
HGSD    92.460  202.536     .133E-02   88.00  149.50   61.50    .77   -.05   1.237  2.822   .487E-03   .374E-03   3.75   3.03  Meq21para_result.txt
YULB   107.874  206.669     .454E-04   88.47  137.98   49.51    .42   -.38    .974  1.651   .161E-04   .197E-03   2.82   2.90  Meq21para_result.txt
MASB   216.678  212.671     .130E-02   50.58  111.74   61.16   1.17    .90   1.233  3.068   .380E-04   .161E-01   4.27   3.46  Meq21para_result.txt
DPDB    99.307  240.317     .939E-04   65.00   79.58   14.58   1.23    .76   1.761   .033   .178E-04   .205E-03   3.18   1.80  Meq22para_result.txt
TPUB   175.032  221.994     .462E-03   63.23   84.15   20.92    .61   -.61   1.619   .509   .112E-03   .210E-02   3.86   2.38  Meq22para_result.txt
ESLB    88.456  247.165     .379E-03   83.14  143.77   60.63   2.11   5.95   1.015   .478   .339E-04   .216E-02   3.05   3.01  Meq23para_result.txt
WGKB   176.944  254.379     .631E-03  116.87  163.68   46.82   1.04   1.04   1.376   .787   .370E-03  -.611E-02   4.25   3.09  Meq23para_result.txt
DPDB   134.082  265.977     .180E-03  103.40  140.60   37.20    .83   -.09   1.315   .965   .466E-04   .802E-03   3.60   2.74  Meq23para_result.txt
ENLB    69.496  249.587     .168E-02  109.80  188.98   79.19   2.52  11.36   1.094  1.359   .632E-03  -.256E-01   3.47   3.17  Meq23para_result.txt
FULB   140.825  223.531     .492E-03   90.07  148.71   58.64   1.81   3.37   1.088  2.268   .342E-04   .389E-02   3.44   3.16  Meq23para_result.txt
NACB    65.981  274.924     .319E-03   79.84  148.31   68.47   1.27   1.09    .907  2.860   .249E-04   .316E-02   2.75   3.03  Meq23para_result.txt
CHGB   108.761  266.494     .838E-03   87.17  143.64   56.47   1.37   2.72   1.172  2.883   .187E-03   .576E-03   3.53   3.01  Meq23para_result.txt
HGSD   108.785  230.151     .560E-02   90.13  144.97   54.84   1.33   1.82   1.422  3.146   .525E-03   .402E-01   4.25   2.99  Meq23para_result.txt
YULB   125.799  230.120     .109E-03   90.36  162.84   72.48   1.47   1.60    .895   .886   .105E-04   .124E-02   2.95   3.29  Meq23para_result.txt
MASB   234.617  224.814     .981E-04  128.21  148.99   20.78   1.62   3.04   1.392  1.885   .126E-04   .285E-03   3.60   2.59  Meq23para_result.txt
NNSB    93.478  291.312     .171E-03   83.60  143.02   59.43    .94    .15    .988   .502   .147E-04   .214E-02   2.97   3.01  Meq23para_result.txt
ALSB   267.288  225.946     .112E-02   41.24  142.63  101.39   1.25   2.07   1.199  2.320   .307E-03   .497E-02   4.89   4.08  Meq24para_result.txt
SGSB   317.321  222.780     .645E-03   69.93   84.50   14.57    .79    .31   1.912  1.325   .180E-03   .170E-02   4.91   2.57  Meq24para_result.txt
ESLB   199.260  219.845     .331E-03   72.20  118.27   46.06   2.25   6.47   1.257   .439   .656E-04  -.253E-03   3.96   3.15  Meq24para_result.txt
WGKB   272.895  232.536     .723E-03   79.64  146.74   67.10   1.33   1.98   1.358  1.330   .264E-03  -.218E-02   5.08   3.74  Meq24para_result.txt
TAIH   345.824  226.742     .194E-03   85.02  122.95   37.93    .96    .78   1.519  1.877   .440E-04   .132E-02   5.31   3.50  Meq24para_result.txt
TWMB   349.661  221.646     .502E-03   79.00  109.20   30.20    .86   -.29   1.549  1.330   .111E-03   .302E-02   5.13   3.31  Meq24para_result.txt
DPDB   220.653  234.580     .228E-03   93.22  137.83   44.61   1.66   2.19   1.346   .672   .346E-04   .870E-03   4.31   3.20  Meq24para_result.txt
ENLB   181.138  217.889     .141E-02  115.24  121.80    6.56    .76    .52   3.207  2.058   .127E-03   .328E-02   4.48   1.40  Meq24para_result.txt
WLGB   308.724  232.385     .118E-02   85.33  146.20   60.87   1.91   5.87   1.434  2.089   .409E-03  -.625E-02   5.42   3.78  Meq24para_result.txt
FULB   263.182  213.006     .263E-03   79.69  134.15   54.45   1.01   1.40   1.226  2.528   .684E-04   .765E-03   4.32   3.52  Meq24para_result.txt
NACB   158.959  224.668     .358E-03   68.45  108.61   40.16   2.20   4.60   1.306  2.389   .388E-04   .898E-03   3.78   2.89  Meq24para_result.txt
TPUB   296.829  225.354     .671E-03   64.60   80.25   15.65    .62   -.29   1.985  1.270   .364E-03  -.120E-02   5.08   2.56  Meq24para_result.txt
SSLB   235.629  228.822     .259E-03  104.68  113.93    9.25    .66   -.54   2.144   .973   .104E-03   .120E-04   4.05   1.89  Meq24para_result.txt
CHGB   198.957  230.997     .133E-02   74.71  117.01   42.31   2.52   7.29   1.577  3.766   .155E-03   .196E-02   4.86   3.08  Meq24para_result.txt
HGSD   228.741  214.567     .524E-02   76.01  137.62   61.61   2.27   5.47   1.482  3.748   .502E-03   .275E-01   5.20   3.51  Meq24para_result.txt
YULB   245.175  215.633     .114E-03   72.46  126.67   54.22   1.52   2.68   1.114  1.902   .267E-04   .202E-03   3.85   3.46  Meq24para_result.txt
NNSB   157.663  237.521     .183E-03   68.21  123.15   54.94   2.30   5.42   1.207   .039   .127E-04   .109E-02   3.82   3.16  Meq24para_result.txt
TAIH   212.058  215.101     .212E-03   80.44  118.14   37.70   1.10   1.78   1.403  1.754   .747E-04   .289E-03   4.24   3.02  Meq25para_result.txt
TWMB   222.486  207.354     .574E-03   75.89  122.55   46.67   1.53   3.04   1.319  2.127   .725E-04   .380E-02   4.28   3.25  Meq25para_result.txt
FULB   156.807  184.979     .849E-04   87.63  149.65   62.02   1.18   1.04   1.032  1.917   .268E-04   .263E-03   3.37   3.26  Meq25para_result.txt
TPUB   166.107  209.394     .354E-03   73.49  110.13   36.64    .95    .85   1.312   .998   .852E-04   .166E-02   3.72   2.84  Meq25para_result.txt
MASB   235.531  200.276     .307E-04   79.71  111.94   32.24   1.15   2.07   1.182  1.685   .444E-05   .233E-03   3.51   2.97  Meq25para_result.txt
NNSB    20.586  192.571     .708E-04  120.62  129.84    9.22   3.32  14.12   1.548  -.630   .120E-04   .355E-04   1.75   1.13  Meq25para_result.txt
ALSB   125.192  230.672     .103E-02   87.63  103.56   15.93    .28   -.82   1.842  2.436   .451E-03   .805E-03   3.63   1.97  Meq26para_result.txt
ESLB    56.432  215.338     .963E-04   37.09   57.41   20.32    .98    .80   1.172  -.266   .182E-04   .286E-03   2.28   1.94  Meq26para_result.txt
NACB    18.015  250.580     .663E-03   27.65   43.33   15.68   2.54   6.54   1.323  1.347   .210E-04   .133E-02   2.09   1.58  Meq26para_result.txt
CHGB    62.551  252.845     .247E-03   43.04   53.10   10.05    .37    .26   2.046  2.520   .103E-03   .211E-03   2.77   1.35  Meq26para_result.txt
NNSB    44.409  300.064     .739E-04   32.74   49.79   17.05   1.31   2.13   1.286  -.909   .282E-04  -.616E-04   2.25   1.75  Meq26para_result.txt
ESLB   200.581  212.478     .199E-03   80.33  127.51   47.17   2.63   8.84   1.240   .549   .173E-04   .819E-03   3.94   3.18  Meq27para_result.txt
DPDB   215.296  227.959     .108E-03   80.33  187.51  107.17   1.52   2.30   1.069   .024   .241E-04   .327E-03   4.22   3.94  Meq27para_result.txt
NACB   158.557  215.398     .278E-03   78.78  116.17   37.39   2.58   7.05   1.383  2.471   .383E-04   .142E-03   3.91   2.83  Meq27para_result.txt
SSLB   232.720  222.555     .130E-03   84.73  149.29   64.56    .37   -.18   1.113   .821   .460E-04   .652E-03   3.97   3.56  Meq27para_result.txt
CHGB   195.338  223.593     .623E-03   82.83  124.75   41.92   2.64   8.06   1.445  3.358   .123E-03  -.276E-03   4.42   3.06  Meq27para_result.txt
HGSD   232.172  208.216     .149E-02   85.49  142.35   56.86   1.16   1.40   1.432  2.700   .569E-03  -.586E-02   4.94   3.45  Meq27para_result.txt
YULB   248.048  209.677     .369E-04   87.46  141.37   53.90   1.48   2.08   1.120  1.806   .913E-05   .878E-04   3.88   3.46  Meq27para_result.txt
NNSB   151.590  228.274     .296E-03   78.50  125.40   46.90   3.85  19.95   1.284   .575   .211E-04   .280E-03   3.86   3.00  Meq27para_result.txt
CHKH    69.354  233.314     .148E-03   87.95  109.91   21.97   2.57   9.11   1.312   .562   .355E-04  -.921E-04   2.70   2.06  Meq28para_result.txt
ESLB    61.217  307.872     .213E-03   79.39  113.73   34.34   2.29   4.97   1.040  -.009   .209E-04   .765E-03   2.51   2.42  Meq28para_result.txt
DPDB   118.379  301.798     .909E-04   98.00  156.21   58.20   2.24   9.79   1.008   .250   .223E-04  -.556E-04   3.10   3.07  Meq28para_result.txt
FULB    70.450  244.595     .285E-03   81.06  119.32   38.26   1.26   1.07   1.111  1.655   .222E-04   .212E-02   2.82   2.54  Meq28para_result.txt
NACB    84.190  337.196     .747E-04   92.67  111.70   19.03   1.71   4.15   1.314  1.436   .167E-04   .104E-03   2.61   1.98  Meq28para_result.txt
HGSD    50.285  272.507     .941E-02   78.60  113.28   34.68   2.05   4.55   1.613  2.594   .547E-03   .359E-01   3.85   2.39  Meq28para_result.txt
YULB    63.836  262.089     .187E-03   83.07  124.96   41.89   2.99  10.81    .929   .850   .588E-05   .732E-03   2.41   2.60  Meq28para_result.txt
NNSB   118.866  332.956     .729E-04  101.60  123.03   21.43   2.46  10.42   1.323  -.459   .102E-04   .123E-03   2.92   2.21  Meq28para_result.txt
CHKH    67.302  197.732     .339E-03   58.09   95.16   37.07   3.76  18.50   1.132   .443   .302E-04   .584E-03   2.83   2.50  Meq29para_result.txt
ESLB    20.054  318.103     .102E-02   55.40   83.06   27.66   2.32   6.28   1.471 -1.134   .460E-04   .293E-02   3.07   2.08  Meq29para_result.txt
TWMB   150.377  231.200     .206E-03   90.57  151.71   61.14   1.05   1.57   1.180  1.974   .683E-04   .308E-03   3.81   3.23  Meq29para_result.txt
ELDB    77.921  225.999     .648E-03   61.10   85.52   24.42   1.81   2.93   1.468   .484   .763E-04   .218E-02   3.20   2.18  Meq29para_result.txt
DPDB    76.744  301.064     .267E-03   60.75  104.56   43.81   1.58   3.34   1.097   .523   .178E-04   .137E-02   2.94   2.68  Meq29para_result.txt
ENLB    25.267    6.708     .300E-02   61.84   97.27   35.43   2.91  10.08   1.492  1.735   .163E-03   .102E-01   3.46   2.32  Meq29para_result.txt
FULB    60.121  208.346     .985E-03   58.78   93.47   34.69   1.76   3.07   1.287  1.753   .770E-04   .410E-02   3.12   2.42  Meq29para_result.txt
NACB    55.037    2.295     .136E-03   58.09   83.19   25.09   1.25    .79   1.115  1.504   .253E-04   .448E-03   2.37   2.12  Meq29para_result.txt
SSLB    64.252  281.098     .164E-03   60.97   85.45   24.48    .64    .80   1.165   .338   .623E-04   .470E-04   2.48   2.13  Meq29para_result.txt
CHGB    58.727  316.323     .113E-02   58.82   77.43   18.61   1.50   2.33   1.730  2.427   .228E-03   .132E-02   3.24   1.88  Meq29para_result.txt
HGSD    25.499  216.650     .139E-01   55.40   98.49   43.08   1.63   1.84   1.635  2.783   .449E-03   .930E-01   4.07   2.49  Meq29para_result.txt
YULB    42.251  221.846     .250E-03   55.72  104.38   48.65   1.86   3.06    .980  -.543   .924E-05   .170E-02   2.60   2.65  Meq29para_result.txt
MASB   152.173  219.410     .735E-04   71.03  133.40   62.37   2.09   5.01    .993  2.063   .119E-04   .240E-03   3.23   3.25  Meq29para_result.txt
NNSB    85.405  346.954     .135E-03   61.39   97.33   35.94   1.71   4.28   1.087  -.231   .798E-05   .702E-03   2.76   2.54  Meq29para_result.txt
ESLB    58.937  212.331     .898E-04   55.84  120.41   64.57   2.00   4.16    .768  -.065   .105E-04   .658E-03   2.27   2.96  Meq30para_result.txt
NACB    18.631  238.427     .284E-03   57.55   80.81   23.26   2.80   7.50    .905  1.529   .243E-04   .448E-03   1.75   1.93  Meq30para_result.txt
HGSD    91.495  201.406     .813E-03   63.04  106.79   43.75   1.33   2.19   1.254  2.570   .131E-03   .554E-02   3.43   2.73  Meq30para_result.txt
NNSB    41.645  296.345     .182E-03   60.99   79.99   18.99   3.02   9.87   1.226  -.422   .187E-04   .166E-03   2.25   1.83  Meq30para_result.txt
ALSB   101.399  247.946     .917E-03   73.23   96.97   23.73    .71    .77   1.569  2.661   .221E-03   .354E-02   3.51   2.24  Meq31para_result.txt
CHKH    91.575  203.819     .393E-03   62.56  102.47   39.91   2.06   4.01   1.168   .820   .236E-04   .166E-02   3.10   2.65  Meq31para_result.txt
SGSB   144.844  233.929     .335E-03   79.92   99.34   19.41    .92   1.09   1.563   .939   .117E-03   .343E-03   3.46   2.21  Meq31para_result.txt
ESLB    30.165  260.938     .143E-02   54.97   83.37   28.40   1.78   2.83   1.647  -.842   .125E-03   .570E-02   3.53   2.14  Meq31para_result.txt
WGKB   120.042  261.188     .120E-02   72.87  108.72   35.85   1.52   2.91   1.446   .210   .157E-03   .422E-02   3.85   2.66  Meq31para_result.txt
TWHB   133.082  191.125     .287E-03   78.95   98.85   19.90    .94   1.25   1.558  1.914   .587E-04   .917E-03   3.42   2.19  Meq31para_result.txt
TWMB   175.577  229.603     .204E-03   87.73  130.87   43.14   1.17   1.60   1.318  2.547   .679E-04   .578E-04   3.97   3.01  Meq31para_result.txt
ELDB   103.442  224.517     .694E-03   70.32   99.02   28.70   1.33   1.34   1.408   .819   .197E-03  -.452E-03   3.39   2.41  Meq31para_result.txt
ECLB   160.175  209.699     .159E-03   86.98  105.13   18.15    .94    .69   1.430   .375   .275E-04   .502E-03   3.16   2.21  Meq31para_result.txt
PTSB   123.354  302.287     .546E-03   81.90  106.14   24.24    .80    .53   1.656  1.927   .160E-03   .153E-02   3.86   2.33  Meq31para_result.txt
DPDB    84.503  283.677     .548E-03   62.31  101.01   38.70   1.43   1.52   1.248   .673   .455E-04   .293E-02   3.25   2.60  Meq31para_result.txt
ENLB    14.477  291.888     .429E-02   73.92  100.52   26.60   1.54   1.57   1.802  1.911   .514E-03   .134E-01   3.66   2.03  Meq31para_result.txt
FULB    85.403  211.811     .163E-02   62.69  105.38   42.69   2.05   4.30   1.314  2.275   .823E-04   .828E-02   3.53   2.69  Meq31para_result.txt
NACB    38.026  338.159     .101E-02   55.12   91.62   36.51   2.81   8.90   1.327  2.496   .157E-04   .401E-02   3.17   2.39  Meq31para_result.txt
TWGB   132.865  210.339     .672E-03   65.21  116.84   51.63   1.35   1.48   1.173  1.994   .914E-04   .325E-02   3.54   3.02  Meq31para_result.txt
TDCB    73.257  307.097     .120E-02   69.15   76.38    7.23   1.73   3.74   2.999  2.813   .184E-03   .120E-02   3.31   1.10  Meq31para_result.txt
TPUB   128.303  241.642     .192E-03   83.34   97.32   13.98    .93    .02   1.678  1.365   .481E-04   .422E-03   3.14   1.87  Meq31para_result.txt
SSLB    79.780  264.783     .539E-03   60.84   88.76   27.92   2.22   6.68   1.314   .656   .473E-04   .107E-02   3.02   2.30  Meq31para_result.txt
CHGB    61.328  291.852     .226E-02   58.43   98.32   39.89   2.31   5.38   1.462  3.103   .750E-04   .103E-01   3.72   2.55  Meq31para_result.txt
HGSD    51.118  218.266     .202E-01   57.44  101.80   44.37   1.55   2.27   1.722  3.237   .572E-03   .174E+00   4.48   2.60  Meq31para_result.txt
YULB    67.877  221.117     .807E-03   57.97   91.98   34.01   2.52  10.04   1.314   .011   .184E-04   .327E-02   3.19   2.43  Meq31para_result.txt
MASB   177.809  219.523     .804E-04   75.93  131.36   55.42   2.83   8.86    .986  2.192   .701E-05   .341E-03   3.19   3.24  Meq31para_result.txt
RLNB   139.981  271.912     .114E-02   86.18   98.76   12.58   2.39   7.05   2.240  1.554   .945E-04   .152E-02   4.08   1.82  Meq31para_result.txt
NNSB    72.823  330.737     .470E-03   59.96  100.02   40.06   2.40   6.28   1.179   .598   .175E-04   .182E-02   3.06   2.59  Meq31para_result.txt
ALSB   115.550  309.403     .506E-03   33.93   92.28   58.35   1.40   2.96   1.089  2.729   .727E-04   .459E-02   3.34   3.07  Meq32para_result.txt
CHKH    42.510  310.610     .538E-03   41.24   69.74   28.49   1.61   3.05   1.159  1.534   .469E-04   .146E-02   2.54   2.19  Meq32para_result.txt
ESLB   109.610  346.759     .694E-04   50.49  103.89   53.41   1.66   3.61    .880   .003   .138E-04   .334E-03   2.61   2.97  Meq32para_result.txt
TWHB    28.372  227.599     .192E-02   38.52   62.89   24.37   1.49   1.88   1.453  2.235   .154E-03   .779E-02   2.91   2.00  Meq32para_result.txt
ELDB    77.578  299.051     .247E-03   45.13   74.93   29.80   1.36   2.24   1.108   .713   .466E-04   .865E-03   2.60   2.35  Meq32para_result.txt
DPDB   152.526  329.490     .466E-04   47.67  135.28   87.62    .86    .58    .862   .900   .168E-04  -.273E-04   3.06   3.55  Meq32para_result.txt
FULB    55.997  313.956     .101E-02   40.84   86.07   45.23   1.64   2.53   1.127  2.264   .470E-04   .556E-02   2.97   2.64  Meq32para_result.txt
TWGB    62.473  267.030     .137E-02   42.72   71.08   28.37   1.63   2.57   1.438  2.028   .191E-03   .402E-02   3.24   2.25  Meq32para_result.txt
TPUB   119.396  295.006     .133E-03   63.53   74.96   11.43    .62   1.64   1.671  1.109   .372E-04   .138E-03   2.78   1.66  Meq32para_result.txt
HGSD    76.240  339.289     .248E-02   44.46   99.35   54.89   1.31   1.07   1.291  3.468   .208E-03   .277E-01   3.71   2.88  Meq32para_result.txt
YULB    72.331  326.486     .127E-03   44.40   84.83   40.43   1.46   3.18    .876  1.301   .471E-05   .848E-03   2.27   2.60  Meq32para_result.txt
MASB   111.435  256.642     .460E-04   49.76   89.72   39.95   1.77   5.19   1.006  1.748   .853E-05   .156E-03   2.74   2.72  Meq32para_result.txt
ESLB    69.601  208.825     .270E-03   91.26  133.71   42.45   1.88   3.40   1.060 -1.001   .187E-04   .160E-02   2.79   2.63  Meq33para_result.txt
DPDB    93.198  247.125     .283E-03   97.71  128.59   30.88   1.72   2.69   1.194  1.200   .132E-04   .125E-02   2.91   2.44  Meq33para_result.txt
FULB   137.732  200.754     .815E-04  108.76  170.04   61.29   1.30   1.52    .977  2.342   .270E-04  -.921E-04   3.11   3.19  Meq33para_result.txt
NACB    27.546  220.541     .148E-02   85.27  100.96   15.69   1.85   3.17   1.715   .430   .241E-04   .448E-02   2.77   1.62  Meq33para_result.txt
SSLB   104.658  232.671     .931E-04  110.99  121.72   10.73    .90    .05   1.591   .767   .272E-04   .126E-03   2.48   1.56  Meq33para_result.txt
CHGB    69.263  241.178     .790E-03   94.00  123.00   29.00   1.92   3.24   1.361  2.988   .693E-04   .281E-02   3.13   2.30  Meq33para_result.txt
HGSD   102.669  200.191     .149E-02  101.30  146.75   45.45   1.40   1.74   1.316  3.103   .205E-03   .111E-01   3.69   2.80  Meq33para_result.txt
YULB   117.770  204.275     .476E-04  101.34  151.21   49.87   1.74   3.37    .865   .748   .742E-05   .233E-03   2.54   2.94  Meq33para_result.txt
NNSB    40.020  280.518     .613E-03   88.37  108.10   19.74   2.78   7.90   1.492  -.980   .152E-03  -.108E-02   2.78   1.86  Meq33para_result.txt
CHKH    48.957   43.280     .217E-03   24.39   49.61   25.23   2.31   7.57   1.131  1.835   .386E-04   .174E-03   2.38   2.11  Meq34para_result.txt
ELDB    45.533  357.450     .528E-03   21.94   37.22   15.27   2.26   5.37   1.467  1.211   .116E-03  -.325E-04   2.43   1.66  Meq34para_result.txt
ECLB    21.675  203.231     .118E-02   20.22   34.03   13.81   1.88   3.38   1.651   .489   .290E-03  -.794E-03   2.45   1.49  Meq34para_result.txt
FULB    53.288   28.559     .140E-02   23.10   50.96   27.86   2.43   5.20   1.386  3.566   .606E-04   .517E-02   3.06   2.21  Meq34para_result.txt
TWGB     5.833   37.873     .420E-01   13.57   25.54   11.97   2.05   4.89   2.723  -.018   .561E-03   .743E-01   3.56   1.31  Meq34para_result.txt
HGSD    88.237   26.001     .219E-02   30.75   70.24   39.49   1.51   1.50   1.432  3.999   .170E-03   .173E-01   3.77   2.63  Meq34para_result.txt
YULB    72.942   20.677     .551E-04   24.41   73.61   49.20   1.50   1.88    .768  1.246   .272E-05   .539E-03   2.13   2.77  Meq34para_result.txt
MASB    46.060  246.857     .178E-03   21.83   50.01   28.19   3.03   9.95    .943  1.910   .119E-04   .283E-03   2.07   2.19  Meq34para_result.txt
ALSB    14.855  133.078     .517E-03  164.38  175.54   11.16    .56   -.56   1.706  2.493   .175E-03   .892E-03   2.18   1.28  Meq35para_result.txt
ELDB    56.092  144.519     .135E-03  155.91  168.99   13.08    .31   -.29   1.426  1.287   .536E-04   .192E-03   2.22   1.56  Meq35para_result.txt
FULB    74.625  126.411     .746E-04  159.46  197.14   37.68   1.42   1.94   1.051  2.244   .226E-04  -.375E-04   2.67   2.54  Meq35para_result.txt
YULB    64.473  110.762     .257E-04  159.16  181.15   21.99   2.10   8.42    .999  1.536   .699E-05  -.914E-05   2.04   2.04  Meq35para_result.txt
ESLB    24.103  227.502     .109E-02   53.13   92.35   39.23   4.43  26.43   1.040  -.574   .226E-04   .257E-02   2.50   2.40  Meq36para_result.txt
WGKB   110.736  254.285     .436E-03   87.02   92.38    5.36    .23   -.91   3.524  -.142   .181E-03   .253E-03   3.44    .98  Meq36para_result.txt
ENLB     6.285  193.103     .111E-01   52.93   87.33   34.40   3.99  16.92   1.339   .551   .933E-03  -.108E-02   2.98   2.23  Meq36para_result.txt
FULB    90.339  201.388     .981E-04   70.98  148.56   77.58   1.67   3.98    .844  2.248   .249E-04  -.229E-03   2.72   3.23  Meq36para_result.txt
NACB    23.876  354.803     .123E-03   54.58   98.57   44.00   1.40   1.43    .626  1.586   .265E-04   .943E-04   1.57   2.50  Meq36para_result.txt
SSLB    70.009  254.400     .927E-04   62.26   84.93   22.67   2.31   6.02   1.079   .759   .125E-04   .253E-03   2.25   2.09  Meq36para_result.txt
CHGB    46.320  284.085     .400E-03   60.50   85.89   25.39   1.94   5.46   1.175  2.525   .490E-04   .929E-03   2.47   2.10  Meq36para_result.txt
HGSD    55.264  200.785     .200E-02   64.90   96.74   31.84    .95    .92   1.389  3.582   .339E-03   .104E-01   3.24   2.33  Meq36para_result.txt
YULB    70.642  207.465     .437E-04   62.08  114.51   52.43   1.67   2.65    .757   .726   .513E-05   .277E-03   2.13   2.82  Meq36para_result.txt
NNSB    57.113  335.553     .118E-03   59.90  103.80   43.89   2.27   6.12    .832   .129   .742E-05   .467E-03   2.18   2.61  Meq36para_result.txt
DPDB    85.763  252.071     .318E-04   70.97  120.43   49.46    .64    .39    .976  -.048   .128E-04  -.126E-04   2.75   2.82  Meq37para_result.txt
FULB   127.010  200.513     .561E-04   86.01  138.73   52.72    .97   1.12    .986  2.057   .114E-04   .430E-03   2.98   3.02  Meq37para_result.txt
NACB    17.575  230.895     .853E-04   68.58  108.54   39.96   1.13   1.44    .543  1.861   .216E-04   .440E-04   1.30   2.39  Meq37para_result.txt
CHGB    61.134  247.337     .102E-03   79.56  138.95   59.39    .97    .72    .823  2.729   .296E-04   .475E-03   2.38   2.89  Meq37para_result.txt
HGSD    91.953  199.800     .551E-03   78.08  172.58   94.50   1.18   1.38    .974  2.857   .157E-03   .242E-02   3.31   3.40  Meq37para_result.txt
NNSB    39.055  296.043     .451E-04   70.33  111.64   41.31   1.03   1.01    .748  -.140   .790E-05   .238E-03   1.87   2.50  Meq37para_result.txt
ELDB     7.621   94.985     .683E-03   82.90   93.23   10.33   2.45   7.22   1.572  -.475   .475E-04   .597E-03   1.86   1.18  Meq38para_result.txt
FULB    35.099   88.903     .250E-03   88.87  104.80   15.93   2.76   7.53   1.279  1.899   .137E-04   .344E-03   2.12   1.66  Meq38para_result.txt
HGSD    58.582   55.497     .705E-03  100.70  117.48   16.79   1.41   1.31   1.641  2.461   .201E-03   .166E-03   2.93   1.78  Meq38para_result.txt
ALSB    69.393    6.190     .242E-03   71.52   89.17   17.65   1.41   1.33   1.508  2.114   .370E-04   .699E-03   2.82   1.87  Meq39para_result.txt
SGSB    26.481  324.738     .342E-03   67.35   75.82    8.47    .53   -.56   2.079  1.054   .113E-03   .415E-03   2.24   1.08  Meq39para_result.txt
TWMB    32.493  257.569     .444E-03   72.52   98.50   25.98   1.78   5.11   1.257  2.706   .670E-04   .973E-03   2.61   2.07  Meq39para_result.txt
ELDB    44.392   41.099     .130E-03   66.26   77.65   11.39   1.38   1.84   1.429  1.053   .561E-04  -.113E-03   2.00   1.40  Meq39para_result.txt
ECLB    39.260  144.511     .217E-03   69.60   76.01    6.41   1.53   1.80   2.427   .324   .108E-03  -.316E-03   2.14    .88  Meq39para_result.txt
FULB    66.524   58.432     .116E-03   69.04  105.41   36.37   2.32   7.71   1.017  2.677   .200E-04   .117E-03   2.53   2.48  Meq39para_result.txt
TWGB    35.653  102.011     .701E-03   63.88   90.43   26.55   2.57   8.79   1.250  1.253   .114E-03  -.358E-04   2.63   2.10  Meq39para_result.txt
HGSD    97.012   46.028     .642E-03   75.69  124.12   48.43   1.79   3.39   1.197  2.688   .140E-03   .153E-02   3.40   2.84  Meq39para_result.txt
YULB    80.033   45.329     .175E-04   73.21  104.84   31.62   1.47   2.34    .924  1.192   .517E-05   .823E-05   2.23   2.41  Meq39para_result.txt
MASB    32.165  200.026     .139E-03   68.49   80.87   12.37   2.57   8.65   1.351  1.741   .358E-04  -.172E-03   1.93   1.43  Meq39para_result.txt
ALSB    97.254  314.488     .442E-03   94.24  122.44   28.20    .85    .23   1.317  2.561   .744E-04   .218E-02   3.12   2.37  Meq40para_result.txt
CHKH    25.689  331.377     .117E-02  102.80  120.02   17.22   3.88  17.09   1.534   .441   .324E-04   .158E-02   2.60   1.69  Meq40para_result.txt
ESLB   101.721  357.044     .740E-04  119.42  140.66   21.24   1.17   1.42   1.161  -.262   .153E-04   .180E-03   2.48   2.14  Meq40para_result.txt
TWHB    24.255  182.183     .616E-03  103.65  143.17   39.52   1.91   4.17    .979   .918   .788E-04   .128E-02   2.36   2.41  Meq40para_result.txt
ELDB    57.858  304.180     .132E-03  107.34  139.31   31.97   1.20   1.19    .971   .070   .391E-04   .179E-03   2.27   2.34  Meq40para_result.txt
DPDB   138.751  335.469     .669E-04  125.09  153.75   28.66   2.25   8.83   1.124   .350   .126E-04   .617E-04   2.84   2.53  Meq40para_result.txt
FULB    39.404  328.890     .665E-03  105.58  139.89   34.32   1.77   2.93   1.121  1.303   .352E-04   .350E-02   2.62   2.34  Meq40para_result.txt
TWGB    43.206  258.794     .785E-03   63.23  140.80   77.57   3.24  14.60    .880  1.002   .694E-04   .300E-02   2.69   3.06  Meq40para_result.txt
HGSD    66.574  353.917     .284E-02  112.01  153.09   41.08   1.14    .40   1.384  3.372   .150E-03   .234E-01   3.59   2.59  Meq40para_result.txt
YULB    58.693  340.063     .159E-03  108.35  146.02   37.68   3.08  14.54    .908   .270   .762E-05   .463E-03   2.26   2.49  Meq40para_result.txt
